0.00735
0.01687
0.03526
0.02554
0.02515
0.24366
1.04440
1.38577
0.40081
0.01770
0.01579
0.02587
0.02681
0.01275
0.01437
0.28641
0.94251
1.03888
1.54039
1.94272
2.49508
1.35733
1.14351
1.79206
0.88350
0.66393
0.83692
0.56522
0.14317
0.25077
0.71637
0.26020
0.04281
0.03910
0.01556
0.00763
0.01742
0.02071
0.03060
0.03777
0.03418
0.03168
0.02489
0.03070
0.03462
0.04202
0.03827
0.03371
0.01941
0.03380
0.03386
0.01592
0.01395
0.01451
0.01473
0.03175
0.03698
0.03192
0.02784
0.02387
0.02807
0.02638
0.02725
0.03717
0.04528
0.04110
0.03529
0.65986
2.00614
1.17587
0.94543
1.05394
1.39371
1.27478
1.23611
1.09018
1.43816
1.93042
1.91804
1.81598
1.37407
0.74944
0.81929
0.90462
1.13952
0.44071
0.41763
0.48031
0.15938
0.04444
0.03767
0.02070
0.02618
0.03529
0.01946
0.02420
0.03031
0.02989
0.02920
0.03077
0.02470
0.01602
0.02500
0.03542
0.03466
0.17260
0.85099
1.36254
0.93347
1.42584
1.28712
0.97130
0.57225
0.72896
0.67083
0.62300
0.97232
0.93299
0.74549
0.79932
0.23737
0.01891
0.02388
0.03050
0.01296
0.01124
0.02173
0.02258
0.03965
0.04116
0.03929
0.04529
0.03868
0.12441
0.48564
0.94656
1.27082
0.38465
0.02471
0.24107
0.70447
0.40680
0.08953
0.02598
0.01567
0.02987
0.04459
0.04036
0.01811
0.01626
0.02276
0.02755
0.02260
0.01819
0.22206
0.81777
1.10961
1.25168
0.45683
0.99355
2.23564
0.72746
0.03128
0.02440
0.03132
0.03746
0.03246
0.03879
0.04327
0.04036
0.03477
0.01920
0.03100
0.02247
0.01635
0.01673
0.01660
0.02831
0.25094
0.82688
0.79592
0.84824
1.14558
0.74810
0.93513
0.87036
0.72995
0.83243
0.24424
0.00451
0.25471
0.93895
0.83172
0.19819
0.01044
0.00789
0.00314
0.00823
0.02170
0.03518
0.03569
0.03414
0.03372
0.01782
0.00995
0.01993
0.03358
0.15971
0.56180
0.60850
0.60255
0.89416
0.77414
0.65178
1.20972
2.08158
1.81627
1.37449
0.66287
0.13890
0.04030
0.04199
0.73507
2.43062
1.64478
0.33943
0.02704
0.01112
0.01521
0.03507
0.35990
1.03191
0.79391
1.18055
0.78329
0.17490
0.03811
0.03607
0.02990
0.01679
0.29441
1.13693
1.49837
1.34945
0.90048
0.78965
1.28065
1.55363
1.03867
0.97957
0.83641
0.96966
0.70250
0.18968
0.04125
0.02119
0.01754
0.03170
0.03095
0.26550
1.13625
1.54000
1.53428
2.09481
1.03009
0.60567
0.80771
0.82719
0.23372
0.39631
1.29046
1.27341
1.58541
1.05344
0.84166
0.24890
0.01153
0.02213
0.02841
0.12824
0.45107
0.80334
1.23720
1.30085
0.88735
0.67067
0.53522
0.37090
0.09717
0.01567
0.01325
0.02462
0.02156
0.03334
0.02949
0.03496
0.02814
0.02227
0.03480
0.03682
0.03507
0.02459
0.01008
0.02125
0.03003
0.01307
0.00911
0.01221
0.02609
0.01034
0.33822
1.14043
0.84004
0.46699
0.12593
0.33830
0.93664
0.32421
0.01897
0.00930
0.01057
0.01406
0.02509
0.46436
1.49100
1.15801
0.80734
0.23501
0.01751
0.03081
0.03953
0.02983
0.02206
0.03978
0.04130
0.03063
0.18886
0.76200
0.91903
0.26637
0.21975
0.60345
0.22246
0.01246
0.01668
0.03797
0.04409
0.02736
0.01601
0.03153
0.02033
0.01723
0.03088
0.03523
0.01652
0.01968
0.03407
0.16880
0.62374
0.93066
0.86945
0.99795
1.81929
2.23928
2.04913
1.49717
1.11949
1.70062
1.38319
1.28272
1.74533
1.37264
1.30512
1.36749
0.86043
0.54177
0.17063
0.04719
0.03844
0.02280
0.01758
0.02924
0.25635
0.83767
1.03825
1.44725
1.29309
0.56895
0.10747
0.03216
0.03948
0.03538
0.05802
0.34325
0.89518
1.03434
0.94406
1.18760
0.38931
0.03857
0.03151
0.03613
0.03740
0.03649
0.38257
1.09149
0.37452
0.62859
1.86869
0.73070
0.06004
0.03884
0.04154
0.21641
1.01402
2.18988
3.07968
2.88794
2.19745
0.56776
0.01532
0.02384
0.42844
1.51970
1.45627
0.91812
0.66927
0.81794
0.26748
0.02432
0.01259
0.01566
0.03248
0.03960
0.02999
0.03004
0.02487
0.02733
0.18004
0.45996
0.16881
0.33371
0.95326
0.33880
0.04257
0.03643
0.01597
0.01741
0.01716
0.03769
0.03767
0.03073
0.03479
0.03880
0.02847
0.01398
0.32003
1.04150
0.87996
0.70794
0.21936
0.03665
0.03525
0.02080
0.03206
0.03396
0.02365
0.01757
0.02339
0.01696
0.01489
0.01418
0.01600
0.02451
0.01273
0.01262
0.01368
0.01914
0.02694
0.01626
0.02389
0.03137
0.01227
0.01103
0.01062
0.27532
0.93313
1.07987
1.31976
0.40697
0.35835
1.14702
0.77757
0.17429
0.02862
0.02996
0.02666
0.41133
1.28704
0.71586
0.12014
0.01312
0.01888
0.01987
0.63646
2.07978
1.46071
0.93041
0.76191
0.21035
0.01201
0.02868
0.03592
0.02913
0.23554
0.65868
0.33478
0.32536
0.12001
0.02283
0.01458
0.01549
0.02569
0.14539
0.54540
0.86278
0.78513
0.21887
0.03001
0.02938
0.02856
0.03241
0.02472
0.01426
0.02423
0.01533
0.01808
0.01657
0.01453
0.01204
0.02638
0.02519
0.01660
0.02648
0.30729
0.85786
0.28858
0.00547
0.01375
0.02890
0.01725
0.01492
0.01783
0.01395
0.02218
0.02470
0.02116
0.03515
0.03996
0.14528
0.94211
1.96626
1.17588
0.78475
0.57768
0.82248
0.62424
0.15312
0.03431
0.03154
0.01801
0.00506
0.00875
0.02286
0.01596
0.02997
0.03946
0.03940
0.04406
0.03649
0.02221
0.02995
0.02039
0.02120
0.02168
0.03309
0.33003
1.15235
0.97095
0.24296
0.01712
0.03142
0.04174
0.04604
0.04284
0.04193
0.03737
0.02679
0.02323
0.01480
0.06170
0.17058
0.07107
0.03104
0.04183
0.03830
0.03787
0.01698
0.00317
0.00907
0.03477
0.04373
0.04320
0.03053
0.01694
0.01322
0.02019
0.03316
0.03956
0.03700
0.04247
0.58480
1.94449
1.43524
0.42545
0.59392
1.69325
3.02798
2.14411
1.56887
1.26993
0.34978
0.03050
0.02252
0.00871
0.01061
0.01624
0.03596
0.32647
1.08270
1.01706
0.85948
0.94899
0.81729
0.92345
0.65942
0.38563
0.10787
0.03534
0.03496
0.03128
0.01326
0.01496
0.03296
0.03185
0.02829
0.02195
0.01430
0.42379
1.64184
1.88507
1.26953
0.69652
0.63378
1.23777
0.83555
0.19850
0.03771
0.02726
0.02928
0.03139
0.01789
0.03001
0.03704
0.02804
0.03725
0.03395
0.03047
0.03843
0.04551
0.04364
0.03719
0.02665
0.02980
0.03087
0.02188
0.02321
0.01609
0.02771
0.02728
0.02245
0.03056
0.02948
0.01139
0.01428
0.02520
0.02048
0.03021
0.03941
0.04185
0.03435
0.02706
0.03499
0.03124
0.02163
0.18577
0.92139
1.70634
1.36308
0.69110
0.16313
0.02919
0.02170
0.02463
0.03231
0.01370
0.01625
0.13643
0.35383
0.12308
0.01091
0.01412
0.01495
0.11118
0.49641
1.02048
1.39047
1.40685
1.26437
1.76200
1.95696
2.23033
1.30522
0.71945
0.18868
0.01289
0.00948
0.01860
0.02806
0.01116
0.00990
0.01297
0.01602
0.03596
0.03356
0.01580
0.01945
0.02948
0.01345
0.01594
0.63705
2.34165
2.37245
1.31005
0.93303
1.66184
2.41117
2.58647
1.56872
0.92034
1.04109
1.66654
0.84848
0.54924
0.42751
0.10766
0.02128
0.04008
0.03120
0.00890
0.00861
0.02107
0.01426
0.34218
1.42148
1.60149
0.63889
0.64541
0.23333
0.02789
0.03430
0.03234
0.02011
0.02515
0.03397
0.02640
0.02355
0.01258
0.01664
0.00793
0.00644
0.00483
0.00195
0.00109
0.00699
0.01898
0.02073
0.02211
0.01911
0.02195
0.03868
0.03111
0.01611
0.41798
1.23849
0.43066
0.02424
0.02216
0.03041
0.02385
0.01312
0.01328
0.01652
0.01847
0.02946
0.02297
0.02323
0.20905
0.75038
0.97710
1.38566
1.17039
0.83356
0.66822
0.74032
1.07348
0.81100
0.19422
0.02240
0.01452
0.00818
0.02048
0.03582
0.02673
0.01866
0.01977
0.01488
0.02686
0.03822
0.02936
0.03449
0.02841
0.03301
0.01728
0.00913
0.00544
0.01428
0.03612
0.03433
0.02205
0.02437
0.03176
0.01648
0.02394
0.02697
0.47363
1.48182
1.00637
1.16823
1.58740
1.42727
0.74698
0.82152
1.53609
2.20348
0.95531
0.13552
0.01250
0.00886
0.10891
0.60123
1.24035
0.90076
0.21191
0.03093
0.03382
0.01697
0.01279
0.00746
0.01180
0.03175
0.02537
0.00985
0.01424
0.03616
0.04628
0.20059
0.77430
1.12906
1.07495
1.51255
1.52357
0.98005
0.85614
1.21938
0.72610
0.14576
0.01493
0.01600
0.01530
0.40354
1.29980
1.08563
1.21720
1.56271
1.60261
0.97655
0.22990
0.02159
0.01015
0.00995
0.00990
0.02019
0.02380
0.01712
0.02089
0.01858
0.02838
0.03737
0.03112
0.01616
0.01832
0.03995
0.03885
0.01901
0.12250
0.44999
0.78836
1.16676
0.37815
0.01630
0.27948
1.21454
1.58844
0.84229
1.15758
1.77946
0.55990
0.03841
0.03896
0.02083
0.22346
0.64178
0.23761
0.03086
0.03330
0.02108
0.00510
0.00297
0.22714
0.89413
1.13031
1.15676
1.28041
0.90401
0.24003
0.04179
0.02773
0.02127
0.03148
0.02206
0.03370
0.04151
0.03287
0.02154
0.02352
0.01606
0.02933
0.02345
0.03069
0.03848
0.02738
0.03410
0.03625
0.13012
0.74664
1.66996
1.65210
1.66647
1.67001
1.22679
0.77852
0.19604
0.02678
0.03049
0.02305
0.23563
1.21110
1.89727
0.58480
0.04009
0.04065
0.08732
0.51166
1.21594
1.38783
1.81344
2.05072
2.09679
1.92323
1.03814
0.98242
1.09199
0.31343
0.01221
0.00437
0.01251
0.03143
0.01541
0.01329
0.40150
1.26619
1.05429
1.18716
0.88265
0.81136
1.06424
0.57410
0.10487
0.32239
1.21875
1.41395
1.34020
1.16274
1.31781
2.24528
0.73165
0.03153
0.03315
0.02797
0.00930
0.00000
0.17336
0.52680
0.49557
1.30088
1.76287
1.57255
1.10392
1.22740
1.39277
1.41221
0.41290
0.01126
0.01044
0.01852
0.02306
0.03896
0.04124
0.03683
0.01588
0.00609
0.00867
0.01338
0.01601
0.02074
0.02699
0.01970
0.01489
0.01981
0.02397
0.02755
0.36139
1.04257
0.36117
0.01764
0.02120
0.03248
0.17466
0.48085
0.39907
0.71291
0.26045
0.02772
0.02461
0.02412
0.01118
0.01514
0.03106
0.03045
0.03302
0.02456
0.02619
0.02928
0.12152
0.53497
1.23807
1.47360
0.58819
0.08256
0.03073
0.13631
0.55346
0.80872
0.79594
1.17084
1.77281
2.01094
1.75015
1.20443
2.07685
2.20545
1.04752
0.18874
0.01634
0.01550
0.01621
0.59768
2.00161
1.45797
0.69332
0.64440
0.72875
0.58014
1.35076
2.13826
1.74967
1.63070
1.40396
1.34708
1.44137
2.45135
1.75422
0.71956
0.61223
0.76699
0.58218
0.15583
0.03006
0.20049
0.70695
0.92258
1.24736
1.97241
1.55432
0.36968
0.02605
0.02139
0.03547
0.03840
0.01882
0.30863
1.24282
1.93266
2.44906
1.54022
1.10321
1.01399
0.28196
0.02377
0.02418
0.03022
0.03036
0.01586
0.01806
0.02415
0.04061
0.04466
0.03838
0.03813
0.03809
0.03351
0.01438
0.00590
0.00407
0.00689
0.01753
0.01778
0.03175
0.02622
0.01218
0.00702
0.00857
0.01562
0.03446
0.03380
0.27532
1.15104
1.74376
1.66295
2.01494
1.87647
2.07518
1.32479
0.90722
1.06643
1.45812
0.45345
0.02426
0.01627
0.01034
0.01305
0.02463
0.02056
0.02131
0.02442
0.02422
0.03466
0.03638
0.03250
0.02212
0.01420
0.02665
0.02831
0.02637
0.01986
0.01671
0.02223
0.15185
0.39802
0.16140
0.45426
1.36944
0.98381
1.11527
0.85831
0.92120
1.22028
0.37677
0.02288
0.02156
0.01691
0.02602
0.03580
0.04011
0.03323
0.38982
1.34814
1.23427
0.70023
0.16052
0.00828
0.01987
0.02299
0.01107
0.01861
0.02937
0.02671
0.01207
0.45761
1.46928
0.89299
0.50548
0.44371
0.14628
0.08108
0.49414
1.08874
0.36117
0.01160
0.02433
0.03249
0.01884
0.00715
0.00982
0.02624
0.04150
0.03482
0.02088
0.01818
0.00972
0.01278
0.42190
1.37600
0.94417
0.21082
0.03723
0.03537
0.02529
0.02935
0.91800
3.83022
4.64103
2.70847
2.60759
1.14639
1.42809
3.02481
0.98131
0.03671
0.03574
0.02525
0.37003
1.43815
1.81283
1.39572
1.36031
1.59494
1.16152
1.13731
0.35591
0.02605
0.03596
0.04026
0.02382
0.02730
0.03840
0.02838
0.02406
0.01438
0.01668
0.02270
0.01773
0.03480
0.03225
0.01849
0.02865
0.01693
0.00610
0.01385
0.03201
0.03050
0.03313
0.02823
0.02877
0.03364
0.02728
0.02646
0.03135
0.02603
0.01663
0.01622
0.01364
0.01638
0.01743
0.02887
0.02553
0.02215
0.03347
0.03563
0.03612
0.02136
0.01670
0.02962
0.02165
0.02212
0.01869
0.03559
0.02978
0.02145
0.01903
0.25092
0.67473
0.23702
0.02343
0.03896
0.02876
0.01418
0.02667
0.03423
0.04020
0.03396
0.02344
0.03226
0.02269
0.28242
1.04455
1.04244
0.29017
0.03141
0.02646
0.00949
0.00705
0.02163
0.02962
0.02949
0.19495
0.87237
1.29044
0.39374
0.02562
0.03368
0.03613
0.02099
0.03112
0.02182
0.02983
0.02513
0.01888
0.00965
0.00603
0.07936
0.54665
1.22351
1.06772
0.79595
0.62842
0.17576
0.02430
0.03126
0.03782
0.02636
0.02574
0.03267
0.03245
0.04059
0.03997
0.03655
0.04185
0.03595
0.02213
0.02787
0.02491
0.03542
0.02547
0.02516
0.03772
0.03954
0.03395
0.02704
0.01398
0.01832
0.03516
0.03354
0.01681
0.01231
0.03060
0.03223
0.01753
0.02936
0.04057
0.03472
0.01772
0.18151
0.84207
1.82270
2.55195
1.58113
1.02258
1.33327
1.00783
1.37831
1.16099
1.14992
1.59888
0.50114
0.02697
0.01009
0.01083
0.32002
0.89550
0.32742
0.03821
0.01633
0.02510
0.03156
0.01565
0.01651
0.03061
0.02346
0.10802
0.56004
1.59995
2.69544
1.88315
0.42027
0.01166
0.01048
0.02542
0.03299
0.03941
0.02815
0.02492
0.02971
0.02115
0.03685
0.04167
0.03891
0.04002
0.03844
0.03361
0.03455
0.02006
0.34963
1.01400
0.37176
0.04170
0.02973
0.02583
0.02387
0.03911
0.03680
0.02908
0.01246
0.01693
0.03455
0.02552
0.02135
0.02136
0.01591
0.02896
0.04169
0.04024
0.03519
0.03236
0.02388
0.02180
0.01317
0.02232
0.02842
0.01404
0.00539
0.00569
0.01716
0.01837
0.01377
0.01893
0.01664
0.02518
0.03241
0.03359
0.01619
0.02397
0.02843
0.01665
0.01133
0.62656
2.32387
2.15571
1.01431
0.73183
1.40185
1.14226
1.02854
0.76885
0.97893
0.98843
0.73012
0.20539
0.03953
0.04259
0.03383
0.02787
0.02088
0.02801
0.01432
0.00788
0.02245
0.03678
0.02829
0.02203
0.03152
0.02636
0.03093
0.03059
0.02325
0.02591
0.02370
0.01149
0.02380
0.04234
0.03955
0.02592
0.03052
0.01989
0.01500
0.03198
0.03682
0.03957
0.03700
0.02690
0.02745
0.02753
0.01913
0.02154
0.03554
0.12325
0.66472
1.51148
1.45941
1.04896
0.72024
0.89549
1.34286
1.27188
1.40554
0.43495
0.02210
0.06350
0.17096
0.06483
0.01801
0.03145
0.42588
1.46912
1.39544
0.94617
0.85831
1.07945
0.33085
0.02630
0.01173
0.01068
0.25149
0.73518
0.25920
0.01912
0.01492
0.01761
0.02370
0.02356
0.03026
0.02009
0.00827
0.54134
1.70365
0.86863
0.41424
0.55861
0.59189
0.17599
0.02624
0.02263
0.11013
0.59473
1.32850
1.29417
1.02207
1.25987
1.73071
1.36118
0.87810
0.67392
0.73697
0.22832
0.01567
0.01571
0.01804
0.00822
0.00568
0.01137
0.01757
0.03355
0.04206
0.36463
1.28162
1.30065
0.71425
0.17034
0.03759
0.02697
0.01186
0.01165
0.02513
0.03281
0.02925
0.02004
0.02673
0.02157
0.01668
0.02047
0.03987
0.04179
0.04226
0.04107
0.03456
0.04162
0.21204
0.55018
0.18790
0.01706
0.00913
0.00915
0.01776
0.38793
1.23879
0.88748
0.50952
0.14102
0.01412
0.02519
0.02470
0.01943
0.41677
1.18195
0.39742
0.00834
0.01785
0.03685
0.03778
0.02259
0.01624
0.02912
0.01779
0.03194
0.03817
0.02140
0.26771
1.24179
1.81226
0.94791
0.18455
0.03233
0.01943
0.02698
0.03780
0.02956
0.03532
0.02679
0.01457
0.01879
0.03086
0.59035
1.86348
1.12965
0.82074
1.36039
1.35844
0.44869
0.62086
1.48060
1.75122
1.93860
1.22336
1.06136
0.75835
0.75429
0.79965
1.21979
1.14825
0.65698
0.70087
0.78828
0.70864
0.66162
0.69428
1.17489
1.54806
1.77106
0.95813
0.19032
0.02799
0.00942
0.00302
0.01224
0.03700
0.04463
0.03487
0.02063
0.00557
0.00218
0.01252
0.03224
0.03270
0.02096
0.12581
0.58568
1.18350
1.44728
1.48489
1.18035
1.24730
1.17382
1.27099
0.39876
0.03461
0.02263
0.02261
0.01925
0.03697
0.03680
0.03262
0.03315
0.03351
0.03467
0.03579
0.03041
0.01832
0.03156
0.03501
0.02873
0.26988
1.15296
1.84690
1.88994
1.73130
1.06608
0.24613
0.01801
0.23349
0.85265
1.24305
1.85879
1.23722
1.01073
0.78273
0.21222
0.02034
0.01446
0.15806
0.41885
0.15878
0.04165
0.04824
0.04083
0.02113
0.01897
0.29845
1.00120
0.78047
0.45818
0.14194
0.03339
0.01623
0.01579
0.02198
0.02439
0.01021
0.01353
0.02891
0.03972
0.03770
0.02341
0.01632
0.02067
0.03410
0.02602
0.01573
0.02046
0.01467
0.00930
0.01618
0.02872
0.04015
0.33365
1.01549
0.69328
0.64049
1.09956
1.04301
1.42207
0.45428
0.02154
0.01239
0.32590
1.29124
1.69530
1.62270
1.49104
1.83485
1.47659
1.44969
1.19288
0.31273
0.01725
0.03152
0.02091
0.21868
1.14867
1.98441
1.25737
0.98837
1.45992
2.50901
1.18571
0.16152
0.02095
0.02732
0.01814
0.02174
0.01816
0.02675
0.01554
0.01529
0.02604
0.01386
0.01256
0.01708
0.02388
0.03533
0.03322
0.01263
0.16919
0.72271
1.17177
1.33754
0.85375
0.91831
0.95786
1.01301
0.30863
0.01557
0.00958
0.02566
0.03622
0.04145
0.03532
0.02413
0.01944
0.03552
0.04038
0.03385
0.15988
0.90632
1.95172
1.64678
1.25733
1.50452
0.47878
0.04400
0.04099
0.03037
0.01623
0.03529
0.03689
0.84684
2.69427
1.63378
0.89341
0.24660
0.02905
0.18994
0.59457
0.72290
1.37572
1.77893
1.76294
1.85605
1.69338
2.37918
1.57140
1.07125
0.31123
0.03502
0.04088
0.04397
0.02972
0.01232
0.02081
0.04012
0.03847
0.02008
0.03131
0.03223
0.03526
0.02079
0.01059
0.23434
0.90221
1.04733
0.61452
0.14030
0.00966
0.02296
0.04053
0.28778
1.05384
1.32734
1.21761
1.08746
0.97875
0.66676
0.84626
1.45519
1.16455
0.94286
0.56372
1.10885
0.97061
0.24146
0.03083
0.03708
0.03544
0.02066
0.01241
0.14389
0.40506
0.15952
0.34365
1.30722
1.66415
1.19159
0.29645
0.02684
0.01299
0.01118
0.01475
0.03921
0.04198
0.03184
0.52180
1.67124
1.11881
0.79500
1.36969
0.77982
0.16052
0.03982
0.03497
0.01318
0.01618
0.04093
0.04262
0.02774
0.02592
0.13628
0.71751
1.63423
2.03591
1.55501
0.93090
0.31801
0.56506
1.35214
1.47840
0.60758
0.10991
0.03590
0.03925
0.24066
0.89998
1.07188
0.87645
1.10344
1.13736
1.17168
2.28410
1.32203
0.54683
0.69427
1.26435
1.18342
1.13431
1.03889
0.46799
0.07620
0.00977
0.02962
0.02923
0.02852
0.02378
0.02854
0.03618
0.02271
0.02250
0.02599
0.03460
0.03628
0.01598
0.02502
0.04338
0.04223
0.02206
0.01306
0.02683
0.03102
0.02852
0.02091
0.01691
0.02720
0.01570
0.01120
0.02687
0.03561
0.03842
0.03220
0.03298
0.01765
0.01947
0.03630
0.03272
0.03464
0.02677
0.11886
0.49761
1.11264
1.45890
0.42541
0.01325
0.03261
0.02992
0.02290
0.03167
0.02313
0.01351
0.01481
0.01299
0.02768
0.03109
0.03394
0.01795
0.01421
0.01568
0.01589
0.02401
0.01995
0.02151
0.03896
0.03763
0.03612
0.04314
0.04535
0.03553
0.02822
0.03304
0.02915
0.26502
1.00848
2.01909
3.23559
1.92365
1.92326
1.55872
2.09209
1.55957
1.49239
1.90841
2.15913
1.05686
1.30963
1.29773
0.34747
0.02542
0.02339
0.02305
0.02400
0.02061
0.03115
0.02589
0.02120
0.01893
0.01611
0.01500
0.00624
0.01053
0.02582
0.03154
0.03664
0.02146
0.01738
0.02538
0.02709
0.02438
0.01617
0.02945
0.03936
0.03870
0.03102
0.11115
0.28324
0.11990
0.03177
0.03081
0.03141
0.38475
1.30632
1.23840
0.96508
0.84196
0.66206
1.06971
1.00034
1.40938
2.25569
1.29256
0.58655
0.13858
0.00973
0.40720
1.49941
1.39088
0.34312
0.01182
0.02281
0.03485
0.01794
0.01444
0.02629
0.01647
0.03322
0.03820
0.02090
0.03352
0.03083
0.01322
0.00632
0.01824
0.02751
0.01689
0.01903
0.03015
0.03394
0.01211
0.00297
0.00444
0.00831
0.02175
0.02135
0.01008
0.01396
0.03209
0.02886
0.03001
0.03241
0.03113
0.02114
0.03037
0.02780
0.02753
0.01479
0.02228
0.01603
0.01784
0.01797
0.14464
0.52360
0.70074
0.72778
0.20529
0.01379
0.02096
0.00978
0.00349
0.00898
0.02238
0.03282
0.03224
0.03941
0.03550
0.03170
0.03125
0.02105
0.01816
0.02596
0.03294
0.03105
0.01697
0.01671
0.02002
0.02333
0.03801
0.03613
0.02033
0.01971
0.01099
0.00769
0.01464
0.01528
0.02372
0.03727
0.02646
0.01759
0.02019
0.02047
0.02952
0.01101
0.01100
0.03346
0.03163
0.02338
0.01901
0.03431
0.02943
0.01605
0.00867
0.01071
0.02425
0.02163
0.02977
0.03363
0.01087
0.01137
0.03355
0.02433
0.02047
0.03160
0.01934
0.01694
0.01872
0.02875
0.02332
0.02520
0.01799
0.01911
0.21642
0.57761
0.21535
0.03100
0.03187
0.01315
0.35019
1.38673
1.60050
0.84321
0.17015
0.01720
0.01127
0.01036
0.02604
0.02834
0.02979
0.01509
0.01482
0.00884
0.01454
0.02366
0.02233
0.03687
0.03332
0.03094
0.02490
0.01841
0.29495
1.03429
1.22368
1.13873
0.72245
1.09589
1.94614
1.39516
0.31204
0.03517
0.03726
0.02494
0.20309
0.78981
1.02200
0.89109
0.99360
1.15293
1.88774
0.60461
0.03143
0.02727
0.01450
0.00916
0.00999
0.01086
0.02445
0.02374
0.02897
0.47862
1.52412
1.21887
1.41170
1.54623
1.52544
1.10421
1.10657
1.31193
2.16122
1.18163
0.75192
0.65088
0.97902
0.65150
0.48214
0.13658
0.41231
1.31460
0.75854
0.57952
0.78470
1.00293
1.77394
1.33799
1.01148
0.28930
0.01476
0.02641
0.01672
0.02282
0.02846
0.24417
0.74123
1.16246
2.12166
0.69405
0.01709
0.02509
0.02069
0.02011
0.01639
0.01594
0.02403
0.02618
0.02760
0.03571
0.03426
0.02531
0.02848
0.03913
0.04321
0.04653
0.04187
0.02446
0.01221
0.00929
0.01978
0.06939
0.19338
0.25265
0.09749
0.03818
0.02404
0.02033
0.03105
0.02001
0.01911
0.17411
0.71603
1.19784
1.15922
0.71449
0.77675
1.09981
1.05152
1.27645
2.28287
1.45447
0.88045
0.94289
0.29457
0.04120
0.03747
0.01171
0.00284
0.00714
0.01279
0.01217
0.01525
0.02022
0.02728
0.02856
0.01991
0.02769
0.03741
0.03397
0.01534
0.01068
0.01322
0.01448
0.02606
0.01775
0.00929
0.00987
0.00553
0.00795
0.02260
0.03303
0.02039
0.02214
0.03830
0.03883
0.18155
0.92741
1.68993
1.10393
0.79387
0.56606
0.68284
1.89681
1.53844
0.75808
0.18600
0.03105
0.02410
0.13888
0.50747
0.64266
0.54213
0.14740
0.01449
0.01447
0.02191
0.03408
0.02363
0.00926
0.00967
0.01908
0.03285
0.03573
0.03239
0.27938
1.05527
1.08352
0.28179
0.01744
0.01828
0.03253
0.02172
0.01964
0.01157
0.02044
0.02621
0.02830
0.03420
0.03131
0.03536
0.03245
0.02701
0.03014
0.03095
0.01809
0.02000
0.00836
0.33609
1.30453
1.47675
1.20863
0.97565
0.63255
0.50882
0.58701
0.83601
0.28158
0.03752
0.01871
0.01036
0.02067
0.03973
0.03146
0.01686
0.02709
0.02271
0.03465
0.03630
0.27018
0.84313
0.60909
0.13880
0.02371
0.00848
0.00868
0.02913
0.03784
0.02641
0.02976
0.02305
0.01608
0.03080
0.08503
0.45862
1.23204
1.46874
1.43132
1.75453
0.89172
0.15936
0.03008
0.03747
0.03861
0.03420
0.02939
0.01604
0.02962
0.03463
0.03479
0.19792
0.67272
0.77362
0.88740
1.12156
1.13457
0.86227
0.86294
0.83777
1.81282
3.23175
1.61386
0.95647
0.81997
0.86871
0.91144
0.49094
0.09994
0.01537
0.02974
0.03843
0.02183
0.01495
0.01865
0.03289
0.02935
0.01865
0.01494
0.02135
0.02817
0.03101
0.03571
0.01883
0.00666
0.01068
0.02337
0.17456
0.67806
1.06810
1.05615
0.96457
1.07510
0.34235
0.03937
0.01396
0.22036
0.66156
0.45514
0.74202
0.78310
1.23735
1.33942
1.57905
0.79194
0.48603
1.00423
1.61087
1.87519
0.89229
0.70041
1.48813
1.30556
0.90366
0.86959
0.72259
0.59033
0.16951
0.03437
0.02755
0.03677
0.04511
0.03886
0.02829
0.02969
0.03545
0.03970
0.15293
0.37716
0.13522
0.02808
0.03267
0.01651
0.01271
0.02064
0.31756
1.06902
0.83741
0.62147
0.73209
0.23925
0.02836
0.07122
0.15616
0.07786
0.03259
0.02229
0.02366
0.03325
0.03107
0.03352
0.02021
0.01548
0.01632
0.01757
0.02721
0.03657
0.02953
0.01858
0.02004
0.01964
0.03473
0.03435
0.02652
0.01851
0.36356
1.42678
2.34360
2.82950
0.82648
0.01506
0.02659
0.02448
0.01268
0.11539
0.52550
0.83936
0.80880
0.84931
1.29064
2.07661
1.51576
1.28658
1.33937
1.83679
0.57478
0.01963
0.03432
0.03944
0.03823
0.04319
0.04313
0.03665
0.03703
0.02526
0.17100
0.78156
1.27329
1.10683
1.06091
1.09054
1.23011
0.36705
0.03585
0.03908
0.03271
0.03939
0.03488
0.02619
0.03629
0.30085
0.82849
0.28513
0.02150
0.02926
0.01145
0.05185
0.25040
0.76285
1.45925
1.34601
1.37781
1.16052
1.31342
1.51752
1.06577
0.73753
0.20154
0.02308
0.03001
0.04397
0.04423
0.20202
0.64489
0.60774
0.59784
1.05344
1.23465
1.20943
0.86615
0.83340
0.80311
0.87559
0.27594
0.01936
0.02105
0.02855
0.02164
0.02261
0.03528
0.28498
0.92269
0.74158
0.65643
1.08187
1.22249
0.35220
0.02448
0.02684
0.01419
0.02142
0.03218
0.02818
0.44102
1.44066
0.95840
0.70633
1.53124
0.54259
0.03932
0.01634
0.02385
0.03303
0.18213
0.68050
0.88462
0.73646
0.86277
1.32238
1.11986
0.49028
0.61922
0.22106
0.03459
0.04462
0.04324
0.02510
0.01125
0.00994
0.01698
0.01639
0.31169
0.99590
0.88047
0.88570
0.55979
0.64814
0.49944
0.13715
0.02366
0.11014
0.57529
1.43316
1.76927
1.38429
1.15375
1.22141
1.38468
1.74169
2.42740
1.38920
0.80296
1.07650
1.28025
1.09007
0.56042
0.12941
0.02130
0.03675
0.04076
0.03987
0.02920
0.23828
0.85780
1.01637
0.84720
0.41370
0.08397
0.03509
0.03418
0.43613
1.38707
0.89010
0.68841
0.80080
0.79755
0.22397
0.01971
0.03302
0.01841
0.02850
0.03603
0.02277
0.29234
1.11856
1.31012
1.01973
0.93225
0.73312
0.53930
0.66488
0.85568
0.98511
0.84299
0.44506
0.10584
0.01840
0.02168
0.02232
0.01024
0.01053
0.02338
0.01864
0.01678
0.00897
0.00849
0.01415
0.02398
0.02477
0.00848
0.65994
2.09054
1.24455
0.81008
0.24905
0.01834
0.03717
0.04111
0.02238
0.01818
0.02647
0.02617
0.01504
0.02100
0.02557
0.04045
0.04036
0.03311
0.02583
0.02414
0.06071
0.55649
1.32075
0.71069
0.68185
0.96405
0.29857
0.00971
0.00844
0.00787
0.02474
0.04029
0.03658
0.03852
0.03395
0.01847
0.00531
0.01051
0.02563
0.02528
0.22496
0.76060
0.89750
1.11393
0.98433
1.10681
0.85882
1.26948
0.58467
0.08782
0.14246
0.52005
0.49219
0.15295
0.04463
0.03621
0.01792
0.02856
0.03210
0.03109
0.19202
0.70533
0.76183
0.67905
1.15897
1.70768
1.28047
0.60372
0.13939
0.02464
0.03427
0.03985
0.03141
0.01775
0.02014
0.02175
0.01412
0.00979
0.01331
0.01245
0.00701
0.01068
0.01133
0.02984
0.76743
2.67279
2.14846
0.73635
0.36060
0.32117
0.61197
0.22571
0.02731
0.02647
0.01627
0.01864
0.02562
0.02015
0.03099
0.04149
0.02986
0.02267
0.02515
0.16358
0.85754
1.39679
0.44498
0.03103
0.01657
0.02671
0.03520
0.01662
0.02231
0.03976
0.03555
0.37630
1.09352
0.37889
0.02254
0.02882
0.02555
0.02534
0.02579
0.04185
0.04596
0.03511
0.01548
0.01999
0.01730
0.02505
0.02201
0.03636
0.04008
0.04120
0.03424
0.02351
0.02884
0.03209
0.04205
0.03998
0.02488
0.02908
0.02769
0.01833
0.02984
0.03181
0.03089
0.03475
0.43124
1.57491
1.53241
1.04296
1.32265
1.22368
0.34323
0.03609
0.03846
0.04494
0.04258
0.03276
0.03266
0.03977
0.03279
0.02816
0.03598
0.03847
0.03086
0.03037
0.01023
0.00792
0.01653
0.01929
0.03160
0.02339
0.01484
0.02053
0.14516
0.48468
0.86141
1.50447
0.91641
0.17702
0.01879
0.01548
0.02051
0.03368
0.02429
0.01063
0.01297
0.02385
0.03787
0.60202
1.95336
1.33147
0.73431
1.39106
1.55333
0.44146
0.01880
0.02926
0.03877
0.02608
0.02744
0.01244
0.00762
0.02468
0.02745
0.01314
0.01102
0.01322
0.02966
0.04297
0.04186
0.03023
0.01936
0.03339
0.02549
0.15794
0.55886
0.81127
1.13551
1.15047
0.76922
0.78550
1.38557
1.07804
0.62768
0.16510
0.01785
0.01189
0.01009
0.00878
0.01011
0.01579
0.02802
0.01613
0.02019
0.02208
0.03279
0.03024
0.02446
0.03509
0.02497
0.02396
0.01024
0.01303
0.02595
0.01060
0.00885
0.02311
0.01788
0.02035
0.02862
0.02310
0.02641
0.02421
0.02874
0.03336
0.03401
0.04025
0.03726
0.01811
0.02645
0.03501
0.02676
0.01676
0.02067
0.01890
0.01736
0.03092
0.03649
0.02554
0.02530
0.02356
0.10927
0.66145
1.37956
1.00624
0.92844
1.15487
0.45562
0.50287
0.62785
0.18509
0.02249
0.03044
0.03619
0.03484
0.03622
0.07671
0.29024
0.41769
0.14611
0.02810
0.03316
0.02723
0.02079
0.02775
0.01970
0.03833
0.04401
0.03222
0.01301
0.01442
0.02666
0.03439
0.01460
0.00914
0.02230
0.01631
0.03133
0.56202
1.90143
1.43113
0.32349
0.01723
0.02242
0.01671
0.26914
0.97661
0.83082
0.21414
0.04136
0.04036
0.02722
0.03775
0.03049
0.02078
0.02144
0.02676
0.10003
0.38596
0.46649
0.14752
0.01588
0.03266
0.03965
0.03143
0.03730
0.03957
0.01777
0.00828
0.01573
0.01197
0.02160
0.02935
0.03180
0.03411
0.03358
0.03728
0.02832
0.02694
0.03541
0.04295
0.04004
0.02328
0.02949
0.01855
0.00928
0.01971
0.03194
0.02785
0.02060
0.03233
0.02184
0.03457
0.03059
0.01602
0.03142
0.03000
0.01645
0.01053
0.01243
0.02892
0.03448
0.03624
0.02581
0.01232
0.01613
0.03128
0.11083
0.99957
2.34886
1.17605
1.03584
1.25881
1.07382
0.87769
0.51968
0.12132
0.01780
0.01012
0.01889
0.02706
0.03165
0.03061
0.02545
0.01670
0.02376
0.03636
0.04225
0.02780
0.01249
0.01278
0.03122
0.02205
0.00864
0.01694
0.02424
0.01833
0.03254
0.03047
0.01510
0.02858
0.03704
0.03897
0.03775
0.03634
0.01731
0.01053
0.07316
0.45773
1.17477
1.25489
0.93516
1.13088
1.94101
1.61166
1.88156
1.22290
0.27002
0.02603
0.03154
0.03142
0.02325
0.01550
0.02886
0.02784
0.01407
0.01497
0.01383
0.00954
0.02276
0.23018
0.84985
1.05697
1.16751
1.66548
1.24817
1.42345
1.03534
0.25153
0.03259
0.01821
0.03006
0.02039
0.00947
0.01147
0.01315
0.01341
0.01923
0.03003
0.03846
0.46238
1.73849
1.74628
0.45819
0.01184
0.01320
0.02607
0.23345
0.87585
1.22529
1.13357
0.31703
0.03206
0.02501
0.03449
0.02024
0.01598
0.03875
0.04232
0.03072
0.00786
0.00551
0.01836
0.01776
0.15928
0.62831
0.82063
0.47828
0.25679
0.54560
0.48959
0.26394
0.07569
0.02677
0.01408
0.01383
0.01489
0.02687
0.01726
0.02220
0.17522
0.70764
0.99938
0.92863
1.17452
0.36562
0.02661
0.01530
0.00803
0.01458
0.03473
0.03869
0.03871
0.02817
0.01587
0.03452
0.03633
0.01892
0.03477
0.03226
0.02030
0.02276
0.03519
0.02962
0.01574
0.03013
0.04183
0.03951
0.01441
0.00441
0.01261
0.03059
0.39981
1.64639
2.31291
1.80027
1.21168
0.33071
0.03913
0.02495
0.02425
0.02051
0.03354
0.02595
0.01820
0.01232
0.00963
0.01787
0.01773
0.03035
0.29376
1.41591
2.04492
0.60161
0.02691
0.01377
0.01333
0.03235
0.03498
0.02334
0.03364
0.03544
0.02995
0.01845
0.02260
0.01668
0.33623
1.13759
1.02018
0.94831
0.85183
0.85703
0.78920
0.69442
1.18262
1.76107
0.77821
0.12495
0.04334
0.04514
0.03978
0.02476
0.01952
0.03670
0.03123
0.01855
0.01191
0.01492
0.01669
0.01535
0.03378
0.02589
0.02408
0.03396
0.03337
0.03175
0.01111
0.01156
0.03304
0.02761
0.01762
0.01471
0.03150
0.03879
0.02836
0.03718
0.02426
0.00721
0.01454
0.02553
0.00955
0.00823
0.02604
0.02742
0.02732
0.02820
0.03296
0.51383
1.63787
1.05407
0.19322
0.31591
1.25353
1.41685
0.99809
0.85768
0.48264
0.11564
0.03502
0.17190
0.51029
0.54198
0.88092
1.23828
1.38612
1.86298
1.85400
2.23503
1.15634
0.21984
0.03658
0.02297
0.01645
0.21633
0.75870
0.93792
0.98220
0.55979
1.34794
2.84492
1.55351
1.45652
2.10056
0.63243
0.00622
0.01164
0.02622
0.02528
0.03399
0.02480
0.03326
0.01812
0.01638
0.03050
0.01793
0.01736
0.03080
0.04124
0.02766
0.01557
0.02409
0.01462
0.02163
0.03436
0.03751
0.02901
0.02771
0.01965
0.01734
0.01845
0.02922
0.03759
0.03338
0.02120
0.03814
0.03528
0.01269
0.01529
0.02173
0.03318
0.03721
0.02101
0.10626
0.49502
0.80924
0.90006
1.24930
0.78299
1.03137
1.04069
0.29416
0.03838
0.03416
0.01947
0.02668
0.02930
0.01476
0.01157
0.01247
0.02465
0.02714
0.01623
0.03072
0.15251
0.83097
1.59575
1.02246
0.83406
0.97858
0.86176
0.24188
0.02119
0.02182
0.03308
0.03623
0.04413
0.04408
0.03305
0.03160
0.03480
0.04148
0.04419
0.03933
0.04442
0.04133
0.03119
0.03707
0.02656
0.01901
0.02606
0.01685
0.03356
0.03805
0.02306
0.02935
0.04400
0.04758
0.03820
0.02710
0.03615
0.03289
0.01907
0.01285
0.02647
0.84114
2.63951
1.54582
0.93802
0.66079
0.62934
0.89171
0.73416
0.75854
1.28740
1.03938
0.67016
0.83951
1.00524
0.31336
0.09974
0.57915
1.24971
0.64298
0.11069
0.02726
0.02727
0.03047
0.02596
0.03552
0.03483
0.01248
0.01287
0.02971
0.04059
0.03746
0.01861
0.02436
0.02791
0.02746
0.02662
0.03924
0.03358
0.02397
0.02554
0.01879
0.03414
0.04034
0.03135
0.02222
0.01517
0.01575
0.01357
0.02689
0.04272
0.04270
0.03895
0.01785
0.01204
0.02413
0.01452
0.01469
0.02853
0.01735
0.01800
0.03036
0.03160
0.02891
0.01341
0.00769
0.01700
0.02242
0.03322
0.03606
0.26472
0.87123
0.76491
0.73918
1.11722
0.77806
0.18992
0.04055
0.03027
0.02385
0.02874
0.02528
0.02941
0.02528
0.01036
0.01088
0.01425
0.01345
0.01768
0.02059
0.02102
0.03416
0.01884
0.00680
0.01328
0.01582
0.01920
0.01986
0.03204
0.02832
0.03849
0.03656
0.03253
0.02510
0.02534
0.02158
0.02866
0.03983
0.03188
0.03006
0.02871
0.02137
0.26226
0.71830
0.25961
0.02137
0.01066
0.02143
0.38695
1.09773
0.38288
0.03922
0.04000
0.02187
0.01848
0.02237
0.02392
0.01795
0.01559
0.03004
0.03060
0.02345
0.03588
0.02973
0.02032
0.03024
0.03435
0.02891
0.02430
0.03018
0.03426
0.02141
0.02292
0.03600
0.24435
0.80978
0.71091
0.60013
0.98096
0.89792
1.02534
1.35771
1.27186
0.72207
0.16615
0.02795
0.03022
0.01843
0.03311
0.03370
0.03767
0.03382
0.03039
0.03288
0.03521
0.04108
0.03517
0.01062
0.01209
0.03539
0.03347
0.01160
0.01548
0.03479
0.03309
0.02008
0.03116
0.02112
0.44563
1.31280
0.46106
0.02526
0.01471
0.01636
0.01278
0.02633
0.02326
0.01893
0.01708
0.01108
0.00956
0.02587
0.03539
0.51360
1.47769
0.50086
0.01682
0.01144
0.02354
0.03062
0.02988
0.19075
0.74736
0.87533
0.57899
0.59195
0.19327
0.03747
0.03765
0.01902
0.01312
0.02966
0.02144
0.03649
0.03651
0.01469
0.01424
0.02113
0.03185
0.02926
0.02963
0.03493
0.02007
0.02912
0.01448
0.14538
0.42737
0.15442
0.02981
0.02853
0.00902
0.01398
0.03402
0.03080
0.02276
0.01984
0.01701
0.01838
0.01759
0.02201
0.02323
0.03258
0.01989
0.01247
0.00878
0.00988
0.01308
0.01821
0.01138
0.02231
0.03332
0.03096
0.02343
0.02060
0.01794
0.02313
0.01917
0.02458
0.04100
0.03914
0.02940
0.01658
0.01906
0.03309
0.02980
0.01707
0.03582
0.03610
0.02583
0.03397
0.02508
0.01904
0.23322
0.88058
0.82623
0.23120
0.03844
0.02920
0.03279
0.02913
0.03220
0.02592
0.01884
0.01335
0.01192
0.02516
0.02573
0.02571
0.03647
0.03744
0.04185
0.03361
0.03460
0.04327
0.03663
0.01651
0.02557
0.03009
0.02009
0.11003
0.27227
0.10985
0.01644
0.01362
0.01198
0.02373
0.03694
0.04194
0.26042
0.83220
0.68164
0.18513
0.04760
0.04495
0.03159
0.02225
0.02314
0.03150
0.02182
0.03473
0.03669
0.02391
0.03010
0.02179
0.02969
0.01585
0.02326
0.03732
0.03993
0.02205
0.00515
0.00988
0.03648
0.04362
0.02952
0.00818
0.00360
0.01537
0.02432
0.01723
0.02624
0.03247
0.03763
0.03426
0.02440
0.02034
0.01959
0.03151
0.03543
0.03593
0.03164
0.02727
0.01848
0.01973
0.03530
0.04292
0.03862
0.03898
0.03446
0.01268
0.00704
0.01769
0.01742
0.01397
0.02240
0.02692
0.03571
0.02781
0.02334
0.02346
0.03302
0.03447
0.03384
0.01546
0.01163
0.00501
0.00785
0.02156
0.02646
0.02691
0.03426
0.02176
0.03414
0.03655
0.01916
0.02724
0.03134
0.03918
0.32846
0.90291
0.31059
0.02066
0.01189
0.27954
0.82389
0.28168
0.01411
0.01615
0.03040
0.03907
0.23301
0.63214
0.23175
0.03644
0.03139
0.10990
0.25537
0.10683
0.02095
0.02998
0.02218
0.03389
0.03686
0.02832
0.00987
0.01298
0.24161
0.94316
1.02740
0.28156
0.02805
0.03169
0.02889
0.02848
0.02701
0.02063
0.01998
0.01128
0.01126
0.00966
0.02472
0.19920
0.57095
0.35659
0.07453
0.02044
0.01766
0.01855
0.01382
0.00774
0.01486
0.02580
0.02605
0.02601
0.03722
0.02860
0.02720
0.02599
0.02295
0.02552
0.01392
0.02578
0.03606
0.03837
0.02061
0.02364
0.04152
0.04513
0.03538
0.02897
0.01757
0.02189
0.40667
1.24318
0.81505
1.01873
1.40993
0.71050
0.12280
0.01467
0.01528
0.02456
0.02703
0.02520
0.01686
0.03027
0.02713
0.01111
0.30658
0.90988
0.32033
0.03362
0.02181
0.01990
0.01715
0.02835
0.01824
0.00875
0.01321
0.01864
0.01551
0.03352
0.03359
0.04261
0.04721
0.04284
0.03400
0.01942
0.02879
0.03518
0.02916
0.01606
0.02877
0.01919
0.01483
0.02509
0.01602
0.01301
0.01648
0.02576
0.01689
0.01464
0.03462
0.04212
0.03453
0.02002
0.03118
0.32973
1.04251
0.68892
0.29532
0.09105
0.02112
0.01922
0.01620
0.01370
0.02594
0.04264
0.16703
0.40832
0.15701
0.02044
0.02034
0.01594
0.03347
0.03634
0.03624
0.03254
0.01066
0.00306
0.00438
0.01134
0.01114
0.21510
0.68385
0.49275
0.30532
0.09981
0.03564
0.25803
1.17222
1.83144
1.33886
0.67491
0.77787
1.09532
0.76039
0.53602
0.49041
0.15744
0.03603
0.03777
0.02679
0.03165
0.02029
0.01740
0.03239
0.01721
0.01783
0.02976
0.02815
0.03179
0.01876
0.06432
0.26385
0.83230
1.56073
0.65396
0.77550
1.01447
0.29348
0.01451
0.02755
0.01349
0.01778
0.03412
0.01884
0.01451
0.01796
0.02772
0.02855
0.02880
0.02219
0.02519
0.02672
0.02631
0.03527
0.02781
0.02387
0.01452
0.01118
0.01421
0.01788
0.19764
0.75053
0.96113
1.01358
1.30875
1.51302
1.45876
0.82416
0.92706
1.73342
2.15268
1.13816
0.44710
0.09970
0.01707
0.00900
0.00535
0.00890
0.02125
0.01261
0.02000
0.03373
0.04010
0.03902
0.04207
0.04388
0.03851
0.02975
0.01181
0.00853
0.01136
0.01814
0.00993
0.01376
0.02828
0.04076
0.03100
0.01400
0.01351
0.00915
0.02070
0.03742
0.04166
0.03950
0.03305
0.03454
0.03976
0.02755
0.02961
0.04062
0.04035
0.02490
0.02425
0.03930
0.03055
0.01449
0.01105
0.01775
0.03058
0.03329
0.02330
0.02876
0.03059
0.02013
0.03665
0.04777
0.04330
0.02867
0.02833
0.04357
0.04358
0.03034
0.03117
0.02737
0.02775
0.01864
0.01502
0.01183
0.01890
0.02140
0.02233
0.03339
0.02423
0.01937
0.01283
0.01159
0.01859
0.01832
0.01329
0.02014
0.03277
0.02873
0.03586
0.02330
0.02043
0.02258
0.01826
0.03370
0.03172
0.01596
0.01697
0.00815
0.01008
0.03365
0.04009
0.02523
0.02380
0.01334
0.01257
0.02685
0.03355
0.01671
0.17979
0.65540
1.14500
2.04372
1.49606
1.04408
0.70787
1.02293
0.80117
0.66150
1.17307
1.03197
0.26240
0.03774
0.03444
0.02357
0.02532
0.02934
0.01837
0.02688
0.03494
0.02788
0.01014
0.00516
0.00909
0.02390
0.02333
0.03553
0.03436
0.02193
0.01342
0.02499
0.01614
0.01978
0.02091
0.03259
0.03838
0.03732
0.03199
0.02877
0.02002
0.02658
0.02297
0.02959
0.02233
0.02790
0.03268
0.02868
0.02306
0.02487
0.03662
0.03039
0.01559
0.03036
0.04346
0.03786
0.02529
0.00905
0.00898
0.01127
0.00509
0.01363
0.02859
0.01623
0.02389
0.02402
0.03004
0.02033
0.03081
0.03780
0.02960
0.01523
0.42714
1.46283
1.05122
0.23213
0.01906
0.03162
0.02952
0.01826
0.03730
0.03767
0.02334
0.02091
0.02473
0.02324
0.02365
0.01671
0.01186
0.00654
0.01573
0.03051
0.02286
0.16984
0.43284
0.16387
0.04182
0.04037
0.03331
0.03925
0.03291
0.04118
0.04371
0.03377
0.03231
0.25852
0.93945
0.89666
0.22467
0.00890
0.02106
0.02155
0.02924
0.03539
0.03983
0.03121
0.03211
0.03215
0.02603
0.02498
0.03273
0.02207
0.04070
0.04748
0.04013
0.02984
0.00845
0.00972
0.03206
0.04546
0.03941
0.02022
0.01033
0.01426
0.00641
0.01296
0.03253
0.03283
0.02233
0.03726
0.04075
0.03390
0.02484
0.01062
0.00961
0.01901
0.02586
0.01729
0.24229
0.77141
0.57510
0.14109
0.03290
0.02637
0.03336
0.03089
0.02044
0.00943
0.00604
0.01276
0.02009
0.02362
0.03172
0.02768
0.02564
0.01181
0.01206
0.02917
0.02267
0.29121
1.28620
2.05625
1.60654
1.01966
1.31335
0.43666
0.03027
0.02370
0.03819
0.03987
0.04384
0.04485
0.03782
0.02964
0.02726
0.03485
0.03997
0.03614
0.03317
0.02270
0.03498
0.03083
0.02804
0.03304
0.03400
0.03312
0.04128
0.03760
0.03815
0.02961
0.02153
0.01939
0.02557
0.03156
0.01873
0.01899
0.02083
0.03559
0.03293
0.01566
0.02734
0.03407
0.03137
0.03848
0.02805
0.32849
1.04211
0.57314
0.09173
0.01815
0.02415
0.03711
0.02651
0.01318
0.02379
0.03020
0.01778
0.01496
0.20999
0.56949
0.22027
0.03759
0.02884
0.02459
0.02372
0.04196
0.04720
0.04571
0.04032
0.02049
0.01997
0.03698
0.04144
0.03684
0.03887
0.03804
0.02093
0.01648
0.02622
0.03351
0.03421
0.03541
0.13042
0.45707
0.50839
0.15108
0.02455
0.01649
0.01838
0.02901
0.02366
0.03080
0.04441
0.04507
0.04316
0.04079
0.03340
0.01394
0.01283
0.02521
0.01396
0.01683
0.02140
0.01130
0.01183
0.02260
0.02383
0.01041
0.01267
0.03792
0.04261
0.03605
0.03459
0.03541
0.02508
0.00827
0.01138
0.02420
0.03270
0.01319
0.01839
0.04013
0.03589
0.01534
0.02133
0.03450
0.01704
0.01064
0.02615
0.02693
0.02961
0.02506
0.03345
0.03009
0.02438
0.04054
0.04460
0.04468
0.03465
0.02718
0.02402
0.02371
0.03146
0.01713
0.02322
0.01432
0.00724
0.01455
0.01744
0.02095
0.02779
0.01168
0.01608
0.02794
0.01568
0.01323
0.00439
0.00914
0.03537
0.03914
0.02556
0.03324
0.02521
0.03315
0.02685
0.03705
0.04071
0.02713
0.02738
0.01370
0.00724
0.01662
0.02731
0.24463
0.66789
0.22985
0.26569
0.91968
0.67503
0.15037
0.01041
0.01605
0.00696
0.00792
0.01591
0.01199
0.00981
0.02579
0.03150
0.02374
0.02850
0.02530
0.03327
0.02692
0.01325
0.00866
0.01400
0.02816
0.02220
0.02716
0.02150
0.01983
0.02733
0.02849
0.03147
0.01718
0.02045
0.02841
0.03482
0.03784
0.01980
0.01167
0.02885
0.03455
0.04016
0.04267
0.04698
0.04202
0.02977
0.03010
0.03250
0.03559
0.01581
0.00774
0.00874
0.02725
0.03698
0.02708
0.02770
0.02757
0.03436
0.02406
0.01793
0.02143
0.02234
0.02256
0.02736
0.02495
0.03686
0.02732
0.01725
0.02181
0.03230
0.02914
0.03790
0.03417
0.03959
0.03204
0.02400
0.02990
0.03250
0.03893
0.02612
0.01550
0.01970
0.03359
0.03951
0.03221
0.02845
0.01032
0.00538
0.01378
0.03964
0.12116
0.26317
0.09984
0.02474
0.02984
0.03212
0.03675
0.03959
0.03214
0.01381
0.01939
0.02965
0.02633
0.02250
0.01790
0.01701
0.01555
0.01404
0.01324
0.01398
0.00716
0.01753
0.03531
0.03799
0.02960
0.02808
0.04139
0.03843
0.02257
0.02622
0.01938
0.00738
0.01073
0.02631
0.23830
0.81762
0.71379
0.17173
0.00735
0.01190
0.01356
0.01078
0.00688
0.01195
0.02386
0.02743
0.02544
0.03150
0.03028
0.03322
0.02183
0.01740
0.02464
0.12295
0.39255
0.33779
0.08403
0.02114
0.03362
0.04055
0.04453
0.04441
0.15949
0.50313
0.60555
0.44989
0.12658
0.04056
0.03853
0.03043
0.02588
0.15311
0.92186
1.61601
0.51394
0.02608
0.02936
0.03505
0.02915
0.27371
0.78946
0.27680
0.04025
0.04244
0.02775
0.02315
0.02508
0.03182
0.03347
0.02854
0.03336
0.04257
0.03904
0.01926
0.02981
0.03048
0.02612
0.03284
0.03829
0.02273
0.23814
0.82254
1.07993
1.81432
1.86080
0.52113
0.03314
0.01336
0.01658
0.01805
0.02614
0.02407
0.02744
0.02210
0.01035
0.01567
0.02977
0.01601
0.01026
0.02577
0.03423
0.01584
0.02108
0.02327
0.01472
0.01241
0.00819
0.00447
0.00653
0.00920
0.01607
0.03349
0.02845
0.01858
0.02851
0.01991
0.01203
0.02086
0.02387
0.01581
0.01132
0.01005
0.01825
0.21992
0.88211
1.09390
0.31889
0.57917
1.86596
1.45903
1.23113
0.97036
0.50217
0.11834
0.01070
0.01140
0.01691
0.01316
0.02200
0.03670
0.03295
0.02900
0.02058
0.03008
0.02022
0.02174
0.26818
0.96604
0.90361
0.45888
0.10989
0.01182
0.01269
0.12830
0.39460
0.25896
0.06808
0.02255
0.02411
0.02725
0.03930
0.03750
0.03907
0.03848
0.04242
0.03987
0.01999
0.01368
0.32912
1.17896
1.33722
1.40591
1.37965
1.09458
0.79970
0.37155
0.08740
0.01711
0.02404
0.02813
0.02391
0.01736
0.01203
0.08920
0.21978
0.07494
0.01309
0.03690
0.04234
0.03867
0.01997
0.01316
0.02444
0.02965
0.02448
0.01242
0.02197
0.02693
0.03479
0.12258
0.57700
1.28382
1.43414
0.40293
0.00870
0.00314
0.00643
0.01296
0.00838
