0.03896
0.03789
0.02850
0.02410
0.00662
0.03472
0.79160
1.98455
0.00768
0.01017
0.01940
0.03037
0.03132
0.01964
0.01173
0.00060
0.83590
0.68724
1.03286
1.51165
2.18272
0.74364
0.84438
2.51668
0.68919
0.89149
0.98366
0.56015
0.00732
0.00824
0.86891
0.02565
0.02995
0.03249
0.01006
0.03155
0.03059
0.03997
0.03861
0.03836
0.00351
0.03279
0.02970
0.02495
0.00589
0.03847
0.02516
0.00813
0.02991
0.03902
0.00487
0.03934
0.00494
0.02370
0.02316
0.01181
0.02138
0.00187
0.02644
0.03098
0.03234
0.01952
0.00855
0.02456
0.00172
0.00777
0.01446
0.03996
2.54479
0.64444
1.36899
0.69006
1.65765
1.07152
1.93716
0.37900
0.67977
1.90007
1.68958
2.70971
1.27724
0.39378
1.82837
0.99963
1.56310
0.03870
0.64457
0.58881
0.01072
0.01505
0.03332
0.02387
0.00799
0.03792
0.03014
0.01479
0.01120
0.01189
0.00641
0.01787
0.03989
0.03039
0.00427
0.03886
0.03086
0.01438
0.78371
2.10374
0.88784
1.95615
0.96669
0.95487
0.88310
0.90917
0.72345
0.75679
0.89617
2.53965
0.60994
1.54494
0.03934
0.00818
0.01972
0.02544
0.01042
0.00298
0.00812
0.01847
0.01559
0.00708
0.02103
0.00139
0.01367
0.03527
1.81505
0.68109
1.57874
0.02881
0.03712
0.00369
0.87282
0.38252
0.03330
0.03158
0.03158
0.01463
0.03962
0.03031
0.01759
0.03983
0.00969
0.01247
0.03610
0.02785
0.02630
0.79011
0.95102
1.85715
0.00879
1.37482
2.13523
0.02781
0.00584
0.01561
0.03274
0.02675
0.03736
0.01832
0.03254
0.00655
0.03881
0.03900
0.01149
0.02302
0.01656
0.00526
0.01780
0.02261
0.02978
1.28504
0.61287
0.66628
2.61318
1.33107
1.77648
0.84107
0.69421
0.88769
0.01383
0.02542
0.01990
1.37619
0.73131
0.00243
0.03786
0.01062
0.00461
0.00111
0.02808
0.02213
0.03528
0.03068
0.01860
0.00651
0.01867
0.01009
0.03691
0.01634
0.55502
0.99035
0.40210
1.08555
1.11787
1.00881
1.06980
1.68241
1.61001
1.57402
0.82805
0.02438
0.03148
0.02625
0.00213
4.56650
0.66219
0.02425
0.00033
0.03013
0.01767
0.02026
0.00796
0.42626
0.32690
1.76102
0.44884
0.00987
0.03542
0.00496
0.02664
0.02103
0.00139
0.34775
1.64820
1.15937
1.03144
0.75465
1.47684
2.07213
0.62614
1.19137
1.05204
0.98528
1.10695
0.00707
0.01085
0.00494
0.01963
0.03742
0.00742
0.03593
1.53660
1.84223
1.12236
1.86423
1.62370
0.44682
1.05752
1.11981
0.01780
0.02407
3.17588
0.59100
2.43190
0.74122
0.73928
0.00684
0.00864
0.00523
0.03262
0.03903
0.42683
0.62110
1.48021
1.46593
1.24771
0.98311
0.33065
0.52545
0.02013
0.01937
0.03492
0.01618
0.02314
0.00310
0.00824
0.01469
0.03682
0.01494
0.00717
0.00606
0.03812
0.00031
0.01934
0.03378
0.01103
0.03628
0.02394
0.00145
0.00245
0.01801
0.01866
1.37836
0.77000
1.04280
0.03742
0.01508
1.63771
0.02257
0.02817
0.03780
0.00364
0.02103
0.00877
0.03284
1.73186
0.64803
0.98498
0.02805
0.01569
0.00150
0.03078
0.02510
0.00493
0.00836
0.02341
0.02433
0.00050
1.94420
1.09350
0.02947
0.03751
2.04307
0.02353
0.01492
0.02117
0.00474
0.00075
0.01977
0.00056
0.01192
0.03873
0.01030
0.03045
0.03606
0.01639
0.03128
0.02734
0.01977
0.63187
1.01990
1.19323
0.48775
1.47637
1.58602
1.71815
1.97702
0.98075
2.56896
0.98773
1.89289
1.54236
0.70158
1.33390
1.14149
0.76173
0.45510
0.03817
0.02924
0.00689
0.00611
0.01868
0.00559
0.02550
0.91040
0.97039
1.87298
1.41224
0.59892
0.01162
0.01949
0.02368
0.02023
0.01271
1.01446
1.17447
0.96323
0.43863
1.06584
0.02029
0.00551
0.00266
0.03246
0.00518
0.00680
0.02125
1.89291
0.01177
0.03233
5.23715
0.85836
0.01508
0.03101
0.03545
0.01545
2.09501
1.72184
2.40820
2.31214
2.75695
0.01361
0.00950
0.03683
0.02370
2.18769
1.37757
1.00932
0.27769
1.15965
0.03725
0.01764
0.03140
0.00519
0.00836
0.03345
0.03856
0.03450
0.01320
0.03457
0.02784
0.68222
0.02113
0.03527
1.45139
0.01827
0.01161
0.00332
0.03740
0.00735
0.02908
0.03150
0.00438
0.00419
0.01442
0.00011
0.01714
0.01901
0.03552
1.72282
0.67171
1.83133
0.01044
0.01296
0.02246
0.01802
0.02427
0.00408
0.02851
0.00908
0.00626
0.03814
0.01422
0.02868
0.00047
0.03753
0.01261
0.02543
0.03914
0.00580
0.01138
0.03426
0.02843
0.02905
0.01948
0.01027
0.02284
0.03956
2.14324
0.52870
2.26588
0.01772
0.01086
1.46783
0.87074
0.00316
0.02555
0.02156
0.02719
0.00812
1.40646
0.43589
0.02913
0.00732
0.01323
0.01987
0.02423
2.87832
1.13964
0.90463
0.80477
0.02873
0.01171
0.00924
0.01991
0.01225
0.03075
0.99308
0.02058
0.71109
0.00651
0.02531
0.02743
0.03411
0.03802
0.01800
0.50864
1.17560
0.97818
0.02729
0.02635
0.03051
0.03549
0.02705
0.02862
0.01195
0.01435
0.03716
0.03928
0.01456
0.02823
0.03727
0.01107
0.03683
0.02625
0.02521
0.00080
1.25300
0.00123
0.00471
0.03180
0.01395
0.02697
0.02396
0.00823
0.02805
0.00221
0.03747
0.01740
0.00642
0.02692
0.00211
0.78969
2.63332
0.69394
0.82830
0.48289
0.87522
0.75335
0.01357
0.00832
0.02824
0.03372
0.03783
0.01433
0.01467
0.01232
0.02140
0.00082
0.01396
0.03104
0.02309
0.03933
0.02392
0.02845
0.02183
0.03056
0.02716
0.00967
2.17239
1.45296
0.00942
0.03755
0.00668
0.03848
0.01553
0.01282
0.03209
0.01516
0.03085
0.00260
0.02981
0.01371
0.32028
0.03751
0.01192
0.01595
0.02902
0.02356
0.01118
0.03814
0.01087
0.02243
0.00617
0.00133
0.00462
0.02656
0.02566
0.02197
0.00081
0.02225
0.01025
0.03769
0.00443
2.28938
1.09649
0.02469
0.68010
0.89141
3.43214
1.96317
1.01791
1.14063
0.03554
0.00800
0.01365
0.02202
0.00104
0.02567
0.02802
0.02326
1.17975
1.15093
1.17704
1.01928
0.51548
2.05060
0.79884
0.52334
0.01669
0.03674
0.02118
0.01830
0.01950
0.00395
0.02948
0.03146
0.00287
0.00295
0.03958
0.00823
1.57429
2.04730
1.03683
1.10681
0.41078
1.52376
1.01746
0.02500
0.03142
0.01855
0.03398
0.00512
0.01901
0.03741
0.01045
0.00967
0.02134
0.03623
0.02968
0.00201
0.00395
0.01559
0.00216
0.01132
0.00375
0.01265
0.03526
0.01380
0.00106
0.01211
0.01424
0.03961
0.03959
0.00008
0.01852
0.02074
0.03159
0.03943
0.00442
0.00927
0.03672
0.03903
0.00770
0.02752
0.00524
0.02590
0.00584
0.60552
2.03849
0.93326
1.23653
0.02094
0.03834
0.03199
0.03995
0.01427
0.03945
0.02693
0.03223
3.00505
0.03610
0.02110
0.02582
0.01644
0.03920
0.27201
1.34912
1.73689
1.16128
0.53002
1.31082
1.65280
2.02249
1.18188
0.96389
0.00879
0.01196
0.03585
0.02854
0.02370
0.02303
0.02853
0.02118
0.01263
0.02965
0.00883
0.03960
0.03200
0.00517
0.01190
0.01892
0.01176
1.43380
2.40933
0.73239
0.56404
1.23843
1.83337
2.78781
1.28631
0.55438
0.47778
2.51881
0.27059
1.05596
0.41140
0.02059
0.00784
0.01747
0.03404
0.00988
0.02358
0.01651
0.00999
0.00301
0.84549
2.03398
0.01263
0.88847
0.02622
0.03164
0.01870
0.02020
0.00556
0.03407
0.02093
0.03021
0.03683
0.01196
0.02372
0.03939
0.03954
0.03746
0.01281
0.00859
0.00004
0.02973
0.00908
0.01008
0.01743
0.00221
0.03882
0.02199
0.00278
0.00662
1.45909
0.01457
0.02663
0.02238
0.02509
0.03593
0.03244
0.02652
0.01123
0.01773
0.02589
0.00070
0.00073
0.00435
1.19943
0.75857
1.38919
1.02274
0.52749
0.93430
0.97871
2.63591
0.81131
0.00226
0.00213
0.03360
0.01485
0.01095
0.02907
0.03323
0.00290
0.00338
0.01341
0.03474
0.03307
0.02752
0.01598
0.01403
0.03916
0.01418
0.03025
0.02304
0.01627
0.00449
0.01035
0.02327
0.02808
0.02413
0.02596
0.02522
0.02053
0.03898
2.96999
0.62874
1.13601
1.57384
1.40350
0.86406
0.75993
0.99573
2.45367
0.74428
0.03915
0.01791
0.02506
0.00199
0.88769
1.78910
1.02768
0.01759
0.01394
0.03694
0.02228
0.02246
0.00446
0.03302
0.02941
0.02172
0.02312
0.00207
0.00243
0.00228
0.01673
0.92732
1.35961
0.62263
1.65858
1.53779
0.73578
1.00858
1.20686
0.90586
0.01327
0.00520
0.00333
0.01741
0.01686
1.54170
0.55288
1.02738
1.57561
2.91418
1.24141
0.03985
0.03936
0.02401
0.02260
0.01042
0.01713
0.02904
0.01103
0.02505
0.01899
0.01551
0.00356
0.03823
0.01189
0.02081
0.01855
0.02723
0.03627
0.00229
0.51926
0.79093
1.99234
0.01619
0.02265
0.02732
1.88078
1.29979
0.39887
1.38849
1.88388
0.00997
0.02888
0.02220
0.00869
0.01113
1.10789
0.02817
0.00206
0.01133
0.00365
0.02456
0.02935
0.03580
0.84706
1.06252
0.81409
1.54602
0.66290
0.00402
0.01702
0.00285
0.03295
0.01787
0.03368
0.03704
0.03686
0.03042
0.02007
0.03243
0.00913
0.02757
0.01072
0.03793
0.00916
0.03599
0.02237
0.03970
0.03991
0.95950
2.34481
1.60631
1.90376
3.88068
1.03955
0.78080
0.02509
0.03570
0.02734
0.00489
0.02171
0.90067
2.41524
0.00269
0.00117
0.00839
0.01421
0.54293
1.14217
1.06747
1.50358
2.63498
1.14603
1.11611
0.32183
0.68688
1.44257
0.00362
0.03198
0.02210
0.01442
0.01947
0.03782
0.01743
0.03674
3.23265
0.74980
1.91206
0.66253
0.45898
1.93851
0.47584
0.00896
0.03228
1.79455
1.17961
1.32896
2.02367
0.57308
3.76622
0.02910
0.01606
0.01178
0.00935
0.01071
0.47382
0.03914
1.38905
0.02547
1.99537
1.65576
1.06801
1.06782
1.29146
1.34231
2.33336
0.00406
0.01320
0.02187
0.01575
0.02095
0.00041
0.00387
0.02088
0.00495
0.01752
0.01180
0.00270
0.01554
0.00060
0.01025
0.00561
0.03433
0.00322
0.01953
0.02964
0.03569
1.77572
0.02303
0.03035
0.00480
0.03654
0.00020
0.92602
0.03157
0.93435
0.01177
0.02021
0.01728
0.02153
0.01209
0.00468
0.03030
0.03742
0.01583
0.02729
0.03454
0.01083
0.03378
0.34948
1.24486
1.62660
0.41067
0.00184
0.02276
0.02420
0.77038
0.56852
0.57973
1.37706
1.94026
1.37557
1.76708
0.66121
1.37782
3.07467
0.65009
0.00017
0.00735
0.01609
0.02207
0.02271
2.30375
1.42978
1.39997
0.80516
1.49485
1.11212
0.81830
1.10762
1.57432
2.17527
0.95849
0.75104
1.03199
3.14747
0.93507
0.46872
0.89254
0.87319
0.64993
0.00973
0.02589
0.02033
0.87183
0.87704
0.97255
6.57922
1.86063
0.02214
0.02522
0.02526
0.03746
0.00244
0.03821
0.03502
1.04905
1.48153
2.75989
0.65845
1.46496
1.58450
0.00773
0.02754
0.03995
0.03541
0.01707
0.01190
0.01896
0.03026
0.03791
0.02078
0.01606
0.00039
0.00353
0.02578
0.01051
0.02390
0.03227
0.03127
0.00173
0.01378
0.03352
0.03732
0.03458
0.01051
0.02925
0.02304
0.02515
0.03500
0.00461
1.40133
1.54601
1.04085
1.11973
1.10172
3.24089
0.89063
0.66439
0.49144
1.85493
0.02382
0.03340
0.02167
0.01062
0.00228
0.00619
0.02315
0.00125
0.02203
0.02381
0.00750
0.03284
0.01062
0.03841
0.02588
0.02050
0.03365
0.00881
0.03137
0.00944
0.02995
0.03187
1.13347
0.00144
0.01620
2.34306
1.34730
1.39563
1.08495
0.40985
1.43704
0.00419
0.02427
0.00800
0.00988
0.00407
0.02572
0.01775
0.02878
0.03835
0.55347
1.10406
0.86954
0.01376
0.01313
0.03763
0.01947
0.03259
0.03080
0.03564
0.03692
0.00306
0.02147
1.82606
0.59046
0.46751
0.41233
0.00253
0.03878
0.49971
1.87463
0.03670
0.03005
0.02794
0.01313
0.02285
0.02516
0.02586
0.02946
0.00319
0.03231
0.01207
0.03570
0.01424
0.00646
0.01712
3.73419
0.98524
0.02880
0.02163
0.03879
0.00057
0.00890
0.02479
2.53550
4.03304
1.58772
2.49794
0.61907
0.51947
4.71816
0.03689
0.00306
0.00976
0.03319
0.01969
1.87410
2.23155
1.66131
0.81478
1.63994
0.66318
1.84942
0.00819
0.00566
0.00632
0.03152
0.03115
0.00406
0.00737
0.02752
0.03304
0.02791
0.03438
0.00277
0.02955
0.01364
0.02921
0.00238
0.03830
0.02742
0.02875
0.02375
0.02427
0.00831
0.01660
0.02415
0.02005
0.02309
0.02384
0.01449
0.01251
0.01122
0.00092
0.03272
0.02016
0.01623
0.00118
0.01132
0.02469
0.03115
0.00574
0.02388
0.01718
0.00629
0.00831
0.00174
0.01951
0.00600
0.01377
0.03629
0.02266
0.00851
0.01178
0.01904
1.22658
0.02440
0.00266
0.00617
0.03632
0.02460
0.02262
0.03302
0.00250
0.03281
0.00452
0.01851
0.03756
0.01988
0.98059
1.50973
0.01287
0.00777
0.00829
0.02278
0.01103
0.01949
0.02005
0.00940
0.01273
1.53757
1.96533
0.01216
0.03972
0.03074
0.03911
0.00875
0.01253
0.01000
0.03700
0.02393
0.00858
0.01856
0.01935
0.01225
0.34123
2.05957
1.16759
1.55018
1.32617
0.01434
0.01330
0.03938
0.02472
0.02233
0.02458
0.01298
0.03627
0.03113
0.00269
0.00733
0.03060
0.01902
0.00370
0.01987
0.00428
0.00761
0.02153
0.03889
0.03139
0.02323
0.01741
0.02334
0.03064
0.03048
0.02180
0.02247
0.03366
0.02772
0.03855
0.02973
0.02417
0.00674
0.02874
0.02877
0.00730
0.01290
1.33561
2.05991
1.31634
2.23542
0.64235
2.27510
0.73573
1.71074
1.69630
1.00515
1.84643
0.02078
0.03373
0.00346
0.03304
0.03836
1.73738
0.02768
0.02767
0.00849
0.00865
0.02199
0.02506
0.02066
0.01459
0.00780
0.02553
0.56288
1.73464
3.05117
2.21222
0.00545
0.01684
0.03114
0.02136
0.03877
0.00580
0.02424
0.00223
0.02460
0.00564
0.00957
0.00037
0.03069
0.01403
0.03605
0.00583
0.02298
0.01863
0.03185
1.35327
0.01518
0.01991
0.00776
0.00062
0.03263
0.02998
0.03022
0.02672
0.00209
0.03176
0.03031
0.02081
0.00609
0.00051
0.02307
0.01231
0.01106
0.00822
0.02357
0.00069
0.03389
0.03437
0.00769
0.01119
0.01858
0.00877
0.01003
0.02613
0.02891
0.03538
0.00853
0.00116
0.02427
0.02311
0.02654
0.00267
0.02428
0.00783
0.03497
0.00578
0.03596
0.03730
2.09807
2.07695
1.53457
0.16678
1.73843
1.05809
1.32232
0.38387
2.08393
0.71873
0.88662
0.01475
0.02922
0.00816
0.00491
0.00345
0.03365
0.01144
0.03593
0.01242
0.03269
0.00458
0.03651
0.03505
0.03128
0.02644
0.00739
0.01736
0.01366
0.00688
0.01781
0.01310
0.01454
0.03217
0.01765
0.01770
0.00648
0.02854
0.00757
0.01401
0.02602
0.01299
0.00690
0.02985
0.02939
0.03374
0.02178
0.02386
0.03196
0.02412
0.37653
2.04169
2.58839
1.36055
0.86553
1.16698
1.40529
0.66209
1.84584
0.02627
0.00840
0.01827
0.83051
0.01025
0.02096
0.01182
0.01394
1.86713
1.03367
0.95659
0.63381
1.01610
0.03262
0.01118
0.00158
0.02070
0.02063
1.14899
0.02730
0.03636
0.00866
0.01181
0.02924
0.03428
0.00953
0.02423
0.03866
0.02911
4.11636
1.00266
0.45556
0.58932
1.09406
0.02250
0.01179
0.00938
0.00646
0.37650
1.04340
1.30929
0.79950
0.85747
2.07490
0.79403
0.73044
0.73464
1.73741
0.01983
0.01957
0.03123
0.01537
0.00177
0.01373
0.03983
0.02663
0.02803
0.02822
0.03174
1.86270
1.35036
0.79262
0.03558
0.01154
0.03873
0.01693
0.02265
0.01205
0.01530
0.01954
0.02846
0.01950
0.00229
0.01599
0.00849
0.02988
0.00759
0.03565
0.01205
0.01463
0.01585
0.03140
1.08376
0.00940
0.00665
0.01074
0.00177
0.00443
0.02233
1.09456
0.83625
0.92689
0.02086
0.03341
0.02002
0.01014
0.03781
0.01121
2.20559
0.01099
0.01485
0.03141
0.03494
0.02145
0.03587
0.00238
0.02667
0.01494
0.03264
0.01441
0.00218
0.00524
0.86246
2.64625
0.79720
0.00447
0.03293
0.03801
0.00295
0.00196
0.00847
0.02145
0.01884
0.01425
0.03864
0.00939
0.01072
2.14418
1.05125
1.24964
0.89747
2.55656
0.00886
0.40666
1.29750
1.88853
2.68962
0.57839
0.88903
0.53831
0.87126
0.49532
1.83766
1.55517
1.21831
1.28117
0.70797
0.85639
0.75009
0.80781
1.75872
1.67269
2.19250
0.89492
0.00284
0.02646
0.00793
0.00457
0.01729
0.02856
0.03349
0.00707
0.00501
0.00112
0.03648
0.02795
0.02827
0.03201
0.00846
0.03362
0.59907
0.87171
0.85946
1.42975
0.82161
1.24801
0.78985
1.20494
0.01988
0.01515
0.03297
0.02098
0.01549
0.03364
0.01225
0.01983
0.03693
0.00408
0.00103
0.03197
0.03366
0.01646
0.01668
0.02469
0.02341
0.02620
1.78473
1.45203
2.22206
1.75280
0.97588
0.01097
0.02988
0.02100
0.66350
0.72538
1.33878
0.47226
1.75487
1.23762
0.03730
0.03517
0.01185
0.03613
0.44830
0.03943
0.03901
0.01578
0.01207
0.02346
0.00275
0.02743
1.71921
0.88761
0.98576
0.01787
0.01176
0.01411
0.00676
0.03416
0.01100
0.00680
0.02506
0.00368
0.02347
0.01205
0.01089
0.02119
0.00293
0.01897
0.00539
0.03020
0.00821
0.00098
0.02363
0.03683
0.02471
0.02236
0.02093
0.67206
0.33954
0.55159
0.68021
0.47764
1.56522
0.01042
0.00653
0.02593
0.02998
1.05207
1.06123
0.96499
1.43419
1.12599
1.36847
1.37265
1.54263
0.01359
0.00267
0.02793
0.00781
0.03157
1.41388
3.18961
0.72908
0.54941
2.26545
2.53800
0.35487
0.01240
0.00234
0.02260
0.00624
0.03414
0.01178
0.02385
0.01564
0.02400
0.03555
0.03213
0.02352
0.02302
0.03239
0.00553
0.00018
0.02539
0.02233
0.63026
1.18157
1.41833
0.62502
1.13795
0.75767
1.02321
0.01021
0.03672
0.02640
0.02431
0.01975
0.00298
0.01264
0.00310
0.03581
0.03322
0.00423
0.03453
0.00914
1.13721
1.35935
1.10887
0.55750
2.43145
0.02019
0.01585
0.03826
0.03572
0.00571
0.02812
0.02757
0.00546
3.40818
0.45820
1.59629
0.02014
0.02417
0.03347
1.02492
0.40737
1.09833
3.00686
2.24961
2.26555
1.20388
3.28724
1.22250
1.55256
0.01325
0.02610
0.01810
0.03417
0.03500
0.00591
0.03363
0.01776
0.03297
0.01944
0.02554
0.02047
0.01755
0.03876
0.02879
0.01440
2.07635
0.74394
0.74752
0.00398
0.00518
0.03452
0.00317
0.01045
0.59755
0.82005
0.47295
1.17988
0.84093
0.57856
0.78751
2.59477
1.68403
0.92994
0.01594
2.54352
1.95324
0.01520
0.03985
0.03331
0.03210
0.03262
0.00399
0.01281
1.01606
0.01343
0.01432
1.16641
2.30375
3.26296
0.03733
0.03358
0.03598
0.01778
0.01925
0.00118
0.00942
0.02073
0.02126
3.37592
1.12341
0.42198
1.54252
0.74280
0.01141
0.00076
0.00504
0.02045
0.00475
0.01569
0.00461
0.01286
0.01041
0.01092
0.55621
0.99343
2.50112
1.22859
0.86136
0.01994
0.45429
2.09638
2.23961
0.66314
0.03860
0.03157
0.00726
0.01744
1.33534
0.69485
0.75486
1.86754
1.41579
0.51365
2.54767
1.22666
0.76763
0.34438
1.43269
0.78561
1.07998
1.45174
0.71984
0.00840
0.01987
0.01187
0.03222
0.02029
0.03162
0.03965
0.00281
0.03448
0.03374
0.02698
0.02099
0.01262
0.01714
0.02564
0.02745
0.03601
0.02470
0.01541
0.03483
0.00113
0.02318
0.00276
0.00997
0.02918
0.02376
0.03577
0.00789
0.02645
0.01219
0.03941
0.00354
0.00161
0.00200
0.00200
0.01519
0.02741
0.00818
0.00508
1.04966
0.66629
1.58099
0.02370
0.00794
0.02623
0.02716
0.03552
0.01724
0.03198
0.02500
0.01391
0.03853
0.01084
0.02514
0.03089
0.00453
0.01942
0.02206
0.00353
0.01895
0.02600
0.00975
0.00835
0.01523
0.00777
0.00322
0.03361
0.01088
0.01499
0.00006
0.02477
0.00549
1.57510
1.90318
3.75708
0.53326
2.23094
0.86372
1.50130
1.17631
1.07260
1.14113
2.83186
0.54574
1.74242
1.42794
0.03597
0.00403
0.01165
0.02678
0.02957
0.03678
0.01975
0.01119
0.01444
0.01003
0.01758
0.00974
0.00194
0.03094
0.02824
0.01631
0.01383
0.02544
0.02459
0.01248
0.00906
0.03156
0.02230
0.01543
0.03401
0.02344
0.01956
0.02505
0.48011
0.01349
0.01270
0.03222
0.03030
0.02228
1.60676
1.29660
1.38441
0.72182
0.75329
1.09501
0.77281
1.17256
2.43949
0.50981
0.45740
0.03626
0.03191
0.03801
1.68780
0.94735
0.02855
0.00032
0.01208
0.02318
0.01265
0.00793
0.00943
0.01111
0.03662
0.00397
0.00473
0.03778
0.03909
0.02410
0.01593
0.03834
0.00549
0.02235
0.01211
0.03261
0.01684
0.02908
0.01633
0.02457
0.03470
0.01873
0.03981
0.03434
0.02463
0.00668
0.02400
0.03438
0.00464
0.00880
0.00401
0.03127
0.01621
0.00708
0.00630
0.02147
0.00450
0.00797
0.01141
0.03938
0.74695
1.01535
0.56220
0.00534
0.03461
0.03229
0.03157
0.02168
0.01990
0.02484
0.03359
0.01612
0.02060
0.03115
0.03002
0.00281
0.03470
0.03728
0.03104
0.02432
0.03946
0.03188
0.02666
0.03946
0.03973
0.03589
0.01542
0.03954
0.00693
0.02605
0.02510
0.02958
0.03154
0.01734
0.01543
0.00349
0.02331
0.03184
0.02503
0.02872
0.01826
0.00574
0.02585
0.01493
0.01365
0.00750
0.00717
0.02429
0.01278
0.01359
0.01474
0.03071
0.03715
0.03199
0.02798
0.01247
0.01590
0.03021
0.01488
0.03515
0.03472
0.02633
0.01165
0.00215
0.03584
0.02347
0.00341
0.02957
0.02802
0.03517
1.44719
0.00454
0.03683
0.00605
0.02899
0.02457
1.32682
1.67002
1.30159
0.03464
0.01651
0.03345
0.00158
0.00104
0.02774
0.02113
0.02272
0.00104
0.03602
0.03341
0.03228
0.03544
0.03713
0.01057
0.02100
0.03405
0.00950
0.03938
1.17975
1.00102
1.57109
0.83141
0.98003
1.73277
0.87551
0.00616
0.01732
0.00332
0.02688
0.01784
1.28602
1.32604
0.68579
1.10544
0.79384
2.13470
0.02000
0.03852
0.03545
0.02326
0.03614
0.02550
0.01308
0.00947
0.01837
0.01165
0.00423
2.50713
0.77728
1.22632
1.99579
1.24783
1.08785
0.78423
0.84921
2.39102
0.17194
1.37768
0.45706
1.01170
0.40442
0.50513
0.01865
0.02890
1.20830
0.34499
0.51857
0.73911
1.47363
2.54933
0.88972
0.97419
0.03688
0.02391
0.01402
0.00336
0.00891
0.00371
0.01391
1.31669
0.75059
2.66911
0.02134
0.01802
0.03871
0.00147
0.03520
0.01443
0.01154
0.03014
0.00300
0.01044
0.03218
0.01040
0.02572
0.01315
0.01651
0.01810
0.02222
0.00065
0.02666
0.01042
0.01608
0.01185
0.01704
0.25591
0.76760
0.03952
0.00164
0.03775
0.01395
0.03165
0.03079
0.02607
0.00600
1.02602
1.85612
2.59074
0.69540
1.24371
1.33861
0.90366
0.30582
2.37668
1.42526
1.03151
1.18533
0.03274
0.00066
0.02527
0.00331
0.00206
0.03949
0.02208
0.03845
0.03429
0.03608
0.00465
0.00047
0.02749
0.01167
0.02228
0.03369
0.01326
0.03003
0.01048
0.03913
0.01968
0.01125
0.02867
0.03170
0.00067
0.02993
0.02110
0.03799
0.03359
0.02807
0.02009
0.03871
0.00090
0.85915
1.84201
0.79187
0.90527
1.04474
0.01210
1.62927
1.33042
1.26694
0.00151
0.03291
0.00452
0.01368
0.60130
0.70081
1.19097
0.00028
0.01920
0.00786
0.00635
0.00213
0.02512
0.03359
0.00908
0.00602
0.00295
0.01553
0.03076
0.01518
0.91129
2.04885
0.00573
0.03814
0.03076
0.02124
0.03872
0.03461
0.00292
0.02518
0.03038
0.02388
0.02858
0.00399
0.02664
0.02162
0.01439
0.00450
0.02197
0.02632
0.01002
0.02178
0.02170
1.11310
1.04532
1.09278
1.21711
0.28891
0.58816
0.42202
0.65065
0.02550
0.02805
0.00445
0.00142
0.03602
0.02786
0.03785
0.00460
0.03246
0.02688
0.03962
0.03710
0.01600
0.73544
0.90486
0.03948
0.02526
0.01541
0.00041
0.03268
0.01597
0.00770
0.01595
0.02395
0.00221
0.01740
0.03524
0.22377
0.98935
1.71915
0.99605
2.14444
0.65720
0.03787
0.01440
0.01865
0.01763
0.01114
0.02905
0.03270
0.02361
0.02373
0.01060
0.00699
1.37823
0.87994
2.68491
0.76381
0.83509
1.03180
0.92691
0.88613
1.34275
2.12178
0.98587
0.81862
0.55605
0.80268
1.26920
0.64144
0.03335
0.03575
0.03021
0.00989
0.03254
0.02433
0.01204
0.03085
0.01105
0.01393
0.00764
0.01971
0.00281
0.01309
0.03834
0.00570
0.00014
0.02173
0.02777
0.02942
0.56619
1.39979
1.92507
0.49785
1.01014
0.03010
0.02950
0.03041
0.03118
1.02890
0.01163
1.10550
0.58004
1.23624
0.76538
1.88603
1.50183
0.69129
1.13325
0.95141
2.03591
0.53884
0.31019
1.61459
1.80260
1.25267
0.70159
0.77242
1.00341
0.03756
0.01866
0.01524
0.03998
0.02655
0.02227
0.02997
0.00372
0.01371
0.00089
0.03443
0.71523
0.01009
0.00432
0.03039
0.03316
0.01233
0.03021
0.00130
2.25631
1.86103
0.54745
1.51425
0.00142
0.02289
0.03555
0.69944
0.03153
0.01474
0.00799
0.00841
0.01239
0.01624
0.03589
0.00871
0.01118
0.03470
0.01755
0.03522
0.01740
0.00979
0.03206
0.00559
0.03705
0.01152
0.02420
0.01670
0.01489
0.02087
1.29143
2.10615
3.19697
0.02842
0.02060
0.03431
0.00852
0.03882
0.02218
0.59793
0.85415
0.57000
0.50981
1.26715
2.58793
1.03211
1.16844
1.14911
2.45568
0.03617
0.00057
0.00445
0.03502
0.01173
0.03078
0.03984
0.00118
0.01889
0.00441
0.01133
1.02370
2.67383
1.00166
1.19405
0.84317
0.93097
0.00113
0.00223
0.03741
0.03332
0.02005
0.01755
0.03103
0.00816
0.01398
1.36625
0.01595
0.01726
0.02566
0.03537
0.03188
0.25967
0.43089
1.82983
1.57325
1.24155
0.68858
1.96501
1.26815
1.07438
1.09028
0.00665
0.02437
0.00635
0.00330
0.01034
0.02024
1.28074
0.72097
0.43876
1.60908
1.28985
1.23619
0.70247
0.95924
1.06119
0.52410
0.01285
0.03107
0.01130
0.00297
0.02354
0.02341
0.00145
0.00279
1.75642
0.52601
0.72845
0.85788
1.07451
0.02683
0.01155
0.01593
0.00879
0.03943
0.00655
0.02264
0.02596
1.47145
1.74204
0.02264
2.80529
0.03615
0.02170
0.03027
0.01674
0.03177
0.01474
0.78787
2.24419
1.02653
0.68549
1.97682
1.22955
0.01094
1.66443
0.01960
0.02808
0.02916
0.02538
0.03326
0.02396
0.03695
0.03719
0.03569
0.00084
1.81676
0.47850
1.21835
0.56305
0.87028
0.65200
0.01399
0.01701
0.01167
0.57006
1.86273
2.03867
1.56514
0.57407
0.85240
0.86857
1.17214
2.04657
1.28725
0.77478
1.18316
1.58466
0.94157
0.60240
0.02790
0.01451
0.02200
0.00865
0.00077
0.00985
0.00195
0.86055
0.81550
1.74703
0.51150
0.01600
0.03550
0.01418
0.01254
2.39779
1.18455
0.64819
0.54313
0.98983
0.01995
0.03426
0.02799
0.02297
0.03603
0.01060
0.02199
0.02538
0.95778
2.15263
0.86916
0.94804
0.79201
0.38749
0.91155
0.91226
1.27383
1.45016
0.46764
0.00064
0.02019
0.02864
0.02083
0.01800
0.03168
0.03175
0.00734
0.03388
0.02535
0.01543
0.02170
0.02802
0.03695
0.00185
0.03192
2.00303
1.05318
0.72878
0.01193
0.03775
0.03545
0.02636
0.01110
0.03759
0.00260
0.00121
0.02939
0.01489
0.01006
0.02160
0.01880
0.01933
0.03718
0.01466
0.03342
0.48707
1.12711
1.27439
0.43427
0.85496
0.02938
0.03210
0.00776
0.03678
0.03075
0.01652
0.02062
0.01434
0.03814
0.03707
0.02442
0.02986
0.01036
0.03515
0.01865
0.93628
1.17704
1.70730
0.68239
1.63123
0.23110
0.80785
0.47286
0.00890
0.03858
0.49391
0.45572
0.03362
0.02283
0.03237
0.03182
0.00755
0.01159
0.02790
0.00801
0.66027
0.93278
0.38879
1.50562
3.39312
0.87127
0.75043
0.02058
0.03125
0.03298
0.02363
0.03617
0.02849
0.03327
0.03051
0.03664
0.03386
0.02572
0.02276
0.00442
0.01494
0.01747
0.00886
0.00139
4.67867
2.15622
0.72784
1.10194
0.03018
0.87796
0.03210
0.02413
0.00882
0.00197
0.00444
0.02644
0.01325
0.03936
0.00284
0.01945
0.00235
0.00739
0.01199
0.84609
2.27354
0.03613
0.00326
0.03985
0.01592
0.02805
0.02241
0.02044
0.01669
0.02881
0.03748
1.90330
0.03613
0.01535
0.01470
0.03627
0.00379
0.02422
0.01084
0.00507
0.01341
0.01601
0.01728
0.00925
0.03835
0.00184
0.01770
0.03863
0.03888
0.00698
0.03388
0.01799
0.03636
0.01283
0.00591
0.00929
0.03441
0.01940
0.02921
0.01172
0.00458
0.01435
0.03919
0.02915
1.95298
1.24255
0.67912
2.02041
1.43711
0.03343
0.01385
0.00660
0.02383
0.00640
0.00663
0.03240
0.01860
0.01817
0.01891
0.01094
0.00759
0.02228
0.02791
0.03860
0.03654
0.00089
0.02554
0.03490
0.01649
0.00050
0.03341
0.00260
0.78708
0.53276
1.85043
1.77438
0.00123
0.01036
0.02167
0.00647
0.01136
0.03595
0.03548
0.03468
0.03096
0.03021
0.03812
1.44802
1.13824
0.45452
1.49782
1.41252
0.01772
0.02975
0.00511
0.00795
0.02090
0.03757
0.03733
0.03853
0.01230
0.00799
0.03452
0.03417
0.00516
0.03022
0.00730
0.02878
0.02741
0.03944
0.00469
0.01847
0.03441
0.78653
0.42861
1.12550
1.11748
1.36924
0.72829
1.79906
0.79893
0.37636
0.01881
0.00947
0.02096
0.01663
0.02206
0.02344
0.03679
0.03160
0.03549
0.00031
0.02886
0.01235
0.02312
0.02681
0.02377
0.03342
0.01406
0.02661
0.03831
0.02578
0.02435
0.00911
0.02771
0.03339
0.02676
0.01527
0.02168
0.02611
0.01622
0.03361
0.01471
0.02631
0.03146
0.00355
0.00363
0.03175
0.02140
0.00240
0.02580
0.03136
0.02108
0.03401
0.00701
0.00611
0.01283
0.01103
0.00428
0.02271
0.54292
2.56463
0.94993
1.11731
2.19481
0.01438
0.75949
0.75209
0.01708
0.00007
0.03069
0.03591
0.01408
0.02822
0.03945
0.47816
0.53372
0.03560
0.02178
0.00316
0.01114
0.03052
0.02666
0.01200
0.01265
0.01282
0.02921
0.03903
0.02117
0.01129
0.00265
0.02991
0.00886
0.03189
0.00438
0.01507
0.02106
2.18018
1.36395
0.00433
0.02278
0.01914
0.03100
0.02258
1.78680
1.61042
0.01632
0.02468
0.01553
0.01247
0.03740
0.02161
0.03234
0.03093
0.01914
0.02749
0.54915
0.61915
0.03097
0.03697
0.01269
0.00483
0.03212
0.03019
0.01441
0.01585
0.02466
0.00859
0.02188
0.00102
0.01639
0.00116
0.00962
0.03495
0.01052
0.01475
0.02730
0.02746
0.03708
0.00403
0.01687
0.01643
0.03268
0.01030
0.03216
0.00318
0.02105
0.00867
0.00196
0.00015
0.03418
0.03088
0.02230
0.00999
0.03114
0.03633
0.01251
0.03442
0.02506
0.03878
0.00152
0.01376
0.00675
0.00575
0.00852
0.01569
0.46677
3.95134
0.38761
1.11496
1.61041
1.37154
0.53528
0.52387
0.03062
0.01519
0.03619
0.01435
0.00311
0.02299
0.00890
0.03558
0.01416
0.02092
0.03934
0.01955
0.02704
0.02591
0.00022
0.00615
0.02161
0.03146
0.02050
0.02472
0.02566
0.02448
0.03337
0.03101
0.00149
0.00754
0.02922
0.01933
0.02375
0.03038
0.01152
0.02593
0.43748
1.18198
1.44848
1.02970
0.64380
2.11917
0.84081
1.86659
0.84008
0.02989
0.00619
0.00814
0.03285
0.02370
0.00072
0.03212
0.00101
0.02154
0.01816
0.01687
0.01801
0.03882
0.03982
1.12011
1.60929
0.85137
1.56285
0.72307
1.79318
1.33057
0.01779
0.02493
0.01151
0.01827
0.02583
0.00058
0.01723
0.02629
0.03767
0.02194
0.03147
0.03886
0.00633
1.91437
2.81749
0.01266
0.01154
0.00349
0.00158
0.03847
0.96739
1.29912
1.02452
0.02399
0.01942
0.00526
0.02574
0.02549
0.00953
0.02692
0.00340
0.00610
0.02216
0.03488
0.01822
0.03982
0.03025
0.64318
0.67680
0.66106
0.02896
0.57494
0.55411
0.25000
0.03781
0.02331
0.00496
0.03161
0.00674
0.00930
0.03490
0.01469
0.01304
0.62535
1.42418
0.37212
0.77839
0.00744
0.03829
0.01434
0.01479
0.03381
0.00652
0.03296
0.02041
0.02111
0.01724
0.00379
0.01856
0.02156
0.01584
0.02659
0.02374
0.02637
0.01107
0.01495
0.00907
0.02247
0.03798
0.02476
0.02516
0.01324
0.02363
0.01898
0.01519
1.11583
1.58175
1.08543
1.25131
0.00991
0.02374
0.00978
0.01344
0.00733
0.00591
0.03220
0.03146
0.02705
0.01021
0.03180
0.00570
0.03720
0.02199
0.94234
2.73928
0.00067
0.03544
0.00113
0.00192
0.01431
0.03064
0.03808
0.01989
0.02265
0.03994
0.01708
0.00363
0.03589
0.02244
0.77502
0.73798
1.21549
0.84062
0.96552
1.32820
0.70727
1.50609
2.02363
0.47862
0.00271
0.01693
0.01905
0.02424
0.01177
0.00759
0.00875
0.03318
0.00136
0.01842
0.02010
0.00421
0.00438
0.01993
0.01550
0.01274
0.00999
0.03513
0.03138
0.03491
0.00747
0.01088
0.00088
0.01510
0.00110
0.02721
0.01593
0.03585
0.01587
0.02238
0.00429
0.01903
0.00850
0.01662
0.00314
0.01387
0.03142
0.00912
0.03792
0.00884
0.01523
2.68506
0.81796
0.03708
0.00994
0.54847
0.78203
0.64632
1.35640
0.87559
0.00697
0.02091
0.02006
0.56823
3.25921
0.97127
0.84041
0.87272
1.90645
1.43008
3.38004
1.00400
0.00826
0.00847
0.03087
0.00608
0.00675
0.58205
0.59822
1.40750
0.19968
0.37952
3.84786
0.98340
0.83592
1.41150
0.02010
0.03503
0.00728
0.00859
0.03419
0.01668
0.03625
0.01186
0.01314
0.03530
0.01016
0.00820
0.02173
0.02558
0.01482
0.01716
0.03013
0.00141
0.03798
0.02431
0.01895
0.01043
0.02037
0.01124
0.00395
0.00433
0.00459
0.01326
0.01982
0.03146
0.03860
0.01765
0.00747
0.00920
0.03011
0.00734
0.00843
0.01914
0.00278
0.01692
0.37105
1.03420
0.41007
1.39025
0.36869
1.11275
1.62797
0.02780
0.00253
0.02033
0.02160
0.03038
0.00719
0.00446
0.02030
0.01294
0.03138
0.03057
0.01496
0.03201
0.02783
0.68719
2.15351
0.45689
0.61483
1.06962
0.77669
0.02445
0.02685
0.03848
0.03859
0.03379
0.02218
0.03637
0.02542
0.00222
0.02032
0.01730
0.02919
0.02314
0.00548
0.03917
0.03134
0.01579
0.00155
0.02338
0.01054
0.00950
0.01563
0.02492
0.02964
0.01842
0.01458
0.00149
0.00770
0.01801
0.03372
0.01102
0.02515
0.01721
0.02714
0.01128
2.64703
1.20632
1.32636
0.71596
0.61759
1.57814
0.77554
0.49164
1.55753
1.21298
0.58278
1.21450
2.03414
0.00227
0.02551
0.43942
2.07067
0.50327
0.03070
0.01372
0.03680
0.01731
0.01842
0.03127
0.03043
0.01612
0.00132
0.03822
0.03303
0.02432
0.02463
0.00193
0.03569
0.01532
0.02736
0.00694
0.03747
0.01620
0.02183
0.02906
0.01338
0.02078
0.02353
0.02494
0.00235
0.03608
0.00165
0.03314
0.03147
0.02664
0.00945
0.02078
0.02071
0.01365
0.02278
0.00482
0.03612
0.02507
0.01820
0.00025
0.01165
0.03714
0.01520
0.00726
0.00071
0.03686
0.03404
0.03254
0.01496
0.62599
1.03978
0.38333
0.91946
0.92102
0.03076
0.01963
0.00818
0.02629
0.03045
0.03715
0.00459
0.03129
0.00179
0.01129
0.01699
0.01336
0.03338
0.00050
0.03316
0.02101
0.02304
0.02721
0.03572
0.03037
0.03885
0.00923
0.01979
0.03826
0.03869
0.03623
0.00595
0.00637
0.02435
0.00234
0.02578
0.02670
0.01100
0.02092
0.01210
0.03991
0.02576
0.73701
0.02431
0.02446
0.01081
0.00060
0.02165
1.32737
0.01401
0.01090
0.00614
0.03192
0.02881
0.01000
0.03013
0.00868
0.00016
0.00513
0.03720
0.01077
0.01410
0.02841
0.00981
0.01587
0.03101
0.03419
0.01402
0.01200
0.01294
0.02889
0.01136
0.03553
0.03923
0.63101
0.55594
0.49435
1.61724
0.80964
1.79176
1.18926
1.05962
0.74781
0.00801
0.02295
0.01676
0.02833
0.02082
0.03002
0.03047
0.02208
0.03659
0.03996
0.03145
0.00748
0.03303
0.02975
0.00982
0.03684
0.01990
0.03453
0.03716
0.03985
0.03268
0.02183
0.01886
0.03438
0.01745
1.93797
0.00896
0.02142
0.01530
0.01928
0.02896
0.02972
0.03484
0.03473
0.02674
0.00893
0.01966
0.03559
0.02569
0.02428
1.89345
0.03688
0.00769
0.03675
0.03004
0.02357
0.01044
0.02512
1.14931
1.06526
0.61914
1.13240
0.01970
0.03200
0.01865
0.00553
0.00287
0.02748
0.01144
0.03596
0.02173
0.00226
0.01672
0.02266
0.01447
0.02793
0.03065
0.03574
0.02102
0.01209
0.02783
0.00354
0.30597
0.03488
0.02463
0.01494
0.02828
0.02236
0.01045
0.03419
0.03107
0.00793
0.03345
0.01342
0.01643
0.00827
0.02080
0.00616
0.02652
0.01881
0.00278
0.01399
0.03476
0.01217
0.01283
0.00996
0.02688
0.01728
0.03486
0.00968
0.01098
0.03460
0.00853
0.00206
0.03279
0.00438
0.00053
0.01885
0.03938
0.01137
0.02807
0.01565
0.03189
0.02483
0.00095
0.02243
0.00101
0.00108
0.00889
0.85757
1.54828
0.03779
0.03993
0.03169
0.02826
0.00833
0.03225
0.00737
0.03006
0.00876
0.02547
0.01905
0.01418
0.02689
0.00700
0.00675
0.01879
0.00543
0.03305
0.00638
0.02431
0.00531
0.01076
0.02442
0.00412
0.00417
0.85345
0.02879
0.00908
0.03749
0.03192
0.01744
0.03487
0.02441
0.00981
0.67616
1.29253
0.03023
0.03231
0.00504
0.02384
0.03082
0.01437
0.03453
0.01143
0.00457
0.00924
0.01194
0.03156
0.03267
0.01871
0.02345
0.02417
0.03203
0.03253
0.01341
0.03290
0.00743
0.00428
0.00033
0.01630
0.03342
0.02266
0.02043
0.03971
0.00186
0.02976
0.02306
0.00344
0.01744
0.00752
0.01919
0.00322
0.01221
0.03532
0.03957
0.01342
0.02030
0.01395
0.00358
0.00367
0.02472
0.01597
0.03898
0.01783
0.00796
0.01457
0.00240
0.00757
0.01659
0.01067
0.00068
0.00737
0.00676
0.02899
0.02576
0.03467
0.01708
0.00417
0.03573
0.01467
0.01107
0.02814
0.03451
0.01416
0.00919
0.00826
0.03416
0.03471
0.03667
0.00756
0.01029
0.00815
0.01566
0.00470
1.28807
0.02986
0.02488
0.01569
0.00592
0.93308
0.00588
0.02714
0.02655
0.02964
0.03074
0.01475
0.94047
0.00128
0.01381
0.03934
0.01004
0.37220
0.02099
0.00689
0.01352
0.02943
0.03103
0.01726
0.01232
0.03969
0.03823
0.02656
0.79516
1.27910
0.00166
0.03127
0.02025
0.01385
0.00075
0.00194
0.03913
0.01627
0.02611
0.00567
0.03311
0.00386
0.01532
0.67060
0.25521
0.01546
0.02635
0.03035
0.02949
0.00324
0.03907
0.01548
0.03044
0.03361
0.00410
0.03866
0.03075
0.02808
0.02005
0.00072
0.01804
0.01775
0.02110
0.03620
0.00575
0.00759
0.00268
0.03696
0.00142
0.02603
0.00242
0.01069
0.01479
0.00081
2.49712
0.92462
0.76382
1.37376
0.64707
0.03776
0.03816
0.03749
0.00946
0.02928
0.03861
0.02967
0.00045
0.03831
0.00868
0.00631
1.11612
0.03359
0.02908
0.03262
0.03462
0.02419
0.01860
0.02998
0.01487
0.02662
0.00606
0.02682
0.00643
0.00127
0.00083
0.00988
0.03941
0.02354
0.03524
0.02758
0.00799
0.00813
0.02055
0.03067
0.02984
0.02105
0.01489
0.02845
0.00652
0.02510
0.00845
0.01329
0.02980
0.02075
0.00509
0.00540
0.02713
0.01140
0.03051
1.02425
0.56796
0.37596
0.01897
0.02624
0.01309
0.02734
0.03863
0.01599
0.00372
0.02012
1.00660
0.00247
0.03377
0.00729
0.03626
0.02724
0.03791
0.01120
0.03851
0.03901
0.03063
0.02727
0.03556
0.01140
0.03747
1.52226
0.47604
0.30804
0.03058
0.02280
0.02268
1.46408
1.85140
1.36745
0.78945
0.61370
0.88129
0.65083
0.61379
1.48147
0.01314
0.02711
0.01046
0.00185
0.03287
0.01737
0.01078
0.00227
0.02107
0.01338
0.03924
0.03792
0.01090
0.02261
0.00566
0.76581
0.67527
1.52362
0.00651
1.27172
1.08407
0.01559
0.00924
0.00536
0.03678
0.01363
0.01732
0.02490
0.00149
0.01685
0.00118
0.00461
0.03618
0.03618
0.03027
0.03036
0.00990
0.02170
0.02560
0.02122
0.02747
0.01775
0.02973
0.00674
0.01415
0.90959
0.96849
0.63476
1.39733
1.08829
1.60786
0.72404
0.60213
2.41887
2.36266
0.77184
0.28722
0.02482
0.00273
0.00824
0.02299
0.00174
0.03008
0.02246
0.01589
0.01742
0.01352
0.02114
0.01289
0.02497
0.01089
0.01657
0.00814
0.02524
0.01557
0.03550
0.02944
0.00463
0.01935
0.01539
0.02602
0.03444
0.02877
0.03898
0.01794
0.01046
0.00060
0.02315
0.03963
0.03115
0.00545
0.00146
0.03372
0.03589
0.03867
0.02741
0.02778
0.01187
0.02015
0.01500
0.01895
0.01993
0.01543
0.03079
0.00707
0.01694
0.02010
0.02302
0.03000
0.02954
0.00664
0.02426
0.01038
0.02655
0.02142
0.00936
0.02035
0.01146
0.00817
0.03577
0.00948
0.01168
0.02037
0.01549
0.00761
0.03790
0.01791
0.00849
0.00231
0.00063
0.00599
0.02274
0.02458
0.03936
0.01910
0.03031
0.01280
0.03309
0.00729
0.00770
0.00960
0.00136
0.01302
0.00794
0.00661
0.00002
0.03962
0.01149
0.03296
0.00606
0.02462
0.02779
0.01892
0.01267
0.03068
0.03886
0.03692
0.77101
0.94267
2.94562
0.53495
0.85610
0.66497
0.82347
0.77812
0.74994
1.75278
1.40226
0.01813
0.03760
0.01361
0.03873
0.03761
0.02124
0.02580
0.03684
0.03589
0.01107
0.02398
0.01351
0.03473
0.03678
0.03670
0.03396
0.03095
0.01214
0.01764
0.03580
0.03027
0.02255
0.03943
0.02798
0.01534
0.03535
0.03570
0.02911
0.02532
0.02225
0.01302
0.03518
0.03051
0.03438
0.02515
0.02438
0.00582
0.03122
0.03229
0.02890
0.00048
0.03933
0.03365
0.01758
0.02665
0.02983
0.03763
0.03921
0.00114
0.01970
0.03870
0.02207
0.00551
0.01899
0.02179
0.02113
0.00292
0.03749
0.01816
0.01897
0.03107
1.26392
2.19366
0.00226
0.03840
0.01384
0.00421
0.00423
0.00216
0.02174
0.01888
0.00716
0.03216
0.01651
0.01253
0.00449
0.01022
0.00027
0.03345
0.03655
0.03536
0.00312
0.63461
0.02757
0.03829
0.01097
0.03981
0.03614
0.00544
0.02186
0.03684
0.03551
0.00412
0.02661
1.11901
1.38254
0.00075
0.02310
0.03315
0.03531
0.02179
0.01411
0.03592
0.01721
0.03872
0.00858
0.00111
0.03843
0.02131
0.02482
0.00233
0.02751
0.03701
0.02872
0.03889
0.00601
0.00978
0.02997
0.00344
0.00979
0.03325
0.02658
0.03229
0.03145
0.00062
0.02129
0.03998
0.00589
0.03540
0.01637
0.00319
0.03039
0.03639
0.00708
0.01913
0.03122
0.01170
0.68128
0.82449
0.01898
0.01303
0.03624
0.01242
0.01530
0.02706
0.00408
0.00448
0.02596
0.00648
0.02576
0.01024
0.03799
0.00578
0.00810
0.02773
0.02177
0.03652
0.01715
0.94863
0.95759
1.45509
0.42275
0.73065
0.00055
0.00995
0.02341
0.02153
0.02162
0.00862
0.03607
0.01778
0.02756
0.02059
0.02097
0.03916
0.02593
0.00397
0.02639
0.03223
0.02368
0.01940
0.01865
0.00870
0.00432
0.01072
0.03800
0.02890
0.00622
0.00009
0.01033
0.01933
0.02032
0.00499
0.03526
0.02852
0.00922
0.03595
0.01064
0.01059
0.01349
0.00761
0.01113
0.03047
0.03594
1.70437
0.31545
0.03710
0.02337
0.02051
0.01534
0.02552
0.02538
0.00935
0.02205
0.02577
0.01850
0.00149
1.32450
0.03179
0.01260
0.00397
0.03351
0.02210
0.00132
0.01974
0.03841
0.03215
0.03033
0.00813
0.03113
0.01885
0.01012
0.00232
0.00179
0.01990
0.03035
0.00981
0.03670
0.02470
0.03650
0.01206
0.67495
0.67891
0.03044
0.03524
0.03502
0.00672
0.02992
0.01096
0.02790
0.01362
0.01125
0.03872
0.01281
0.03122
0.02087
0.01892
0.01067
0.03284
0.01503
0.03583
0.01145
0.01958
0.00953
0.01048
0.00022
0.03702
0.03814
0.03719
0.03075
0.02914
0.03379
0.02693
0.01778
0.01259
0.00521
0.01437
0.00887
0.02742
0.02776
0.02878
0.01916
0.03115
0.00794
0.00030
0.02018
0.01503
0.02466
0.03877
0.02436
0.02893
0.00923
0.02376
0.00371
0.01252
0.03405
0.02358
0.00547
0.00122
0.01762
0.00865
0.00848
0.02911
0.02429
0.03086
0.01589
0.00569
0.00906
0.02951
0.03396
0.02890
0.00881
0.03259
0.00225
0.02466
0.03612
0.01589
0.01416
0.03701
0.02646
0.03621
0.00636
0.03128
0.02104
0.00232
0.02375
0.03681
0.01942
0.00444
0.03802
0.00482
0.03156
0.98435
0.03495
0.01780
0.92961
1.04766
0.01586
0.01030
0.00715
0.03595
0.01433
0.02749
0.03958
0.03663
0.02607
0.03905
0.00311
0.02597
0.02399
0.00557
0.01238
0.03502
0.00914
0.01663
0.00697
0.03541
0.01390
0.03008
0.00799
0.00322
0.02577
0.02466
0.01998
0.02792
0.03183
0.02590
0.03699
0.01634
0.00848
0.02187
0.02291
0.01354
0.00552
0.02788
0.03007
0.01003
0.03129
0.02651
0.03145
0.03732
0.00755
0.00854
0.02607
0.02375
0.02468
0.02424
0.03627
0.02630
0.00727
0.01193
0.03476
0.01960
0.03949
0.00527
0.01421
0.01137
0.01707
0.03848
0.03877
0.02050
0.00789
0.03717
0.02593
0.02232
0.00392
0.03428
0.02869
0.00435
0.00797
0.01356
0.01428
0.03847
0.01110
0.01447
0.02109
0.02325
0.00563
0.03740
0.02404
0.02872
0.00036
0.81127
0.01424
0.03867
0.02351
0.01503
0.01620
0.00543
0.02987
0.01798
0.00806
0.02068
0.02227
0.02184
0.01834
0.03309
0.00895
0.01947
0.03272
0.01945
0.01717
0.02848
0.02846
0.03471
0.03261
0.00689
0.01006
0.01031
0.03286
0.03001
0.03602
0.00857
0.02605
0.00211
0.03046
0.83527
0.75256
0.03205
0.00800
0.02969
0.01472
0.03982
0.02300
0.02292
0.02951
0.03785
0.01705
0.03912
0.00238
0.00385
0.03598
0.01419
0.02368
0.03612
0.43449
0.34213
0.00610
0.03326
0.03049
0.01974
0.00686
0.03343
0.00448
0.66636
0.89099
0.63547
0.00567
0.02111
0.02314
0.01210
0.03556
0.02135
0.75552
2.23221
0.00641
0.03300
0.01562
0.01333
0.00769
0.03847
2.03689
0.00639
0.00867
0.02041
0.02888
0.03660
0.03511
0.03712
0.03436
0.00758
0.02640
0.02876
0.02492
0.01040
0.01008
0.03098
0.02293
0.02885
0.00264
0.00630
0.00519
1.36644
0.32591
1.55104
2.32464
0.01521
0.02960
0.03487
0.01157
0.02629
0.03294
0.01792
0.01136
0.03752
0.03574
0.00771
0.01916
0.00004
0.00490
0.02372
0.00305
0.00352
0.01477
0.02961
0.01461
0.02900
0.01408
0.01349
0.00777
0.03958
0.03806
0.03255
0.01411
0.01635
0.00938
0.03211
0.01508
0.02838
0.02848
0.00981
0.00374
0.02682
0.01143
0.02038
1.74984
1.24255
0.00911
0.02822
2.64427
1.22602
1.13048
1.20745
0.52467
0.02268
0.01936
0.03286
0.01585
0.03413
0.01011
0.03743
0.00872
0.02239
0.03631
0.03590
0.01909
0.03743
0.02268
1.26992
1.07537
0.52332
0.00224
0.01435
0.03929
0.00696
0.54923
0.38815
0.02776
0.00196
0.00315
0.02355
0.01608
0.00712
0.02850
0.00718
0.03585
0.02933
0.00926
0.00264
0.01047
1.26794
1.04680
2.26016
1.87388
0.91962
0.52544
1.15267
0.00282
0.03596
0.03870
0.00756
0.00114
0.00986
0.02791
0.03910
1.32053
0.03528
0.01445
0.00105
0.03649
0.02707
0.01281
0.02978
0.02532
0.00069
0.03207
0.01158
0.00143
0.02543
0.00619
0.01722
0.45043
1.28458
1.38328
0.00086
0.03278
0.00785
0.03521
0.03140
0.03559
