0.00000
0.19241
0.00000
0.00000
0.00000
0.00000
1.64833
2.70560
0.00000
0.00000
0.00000
2.32002
0.00000
0.00000
0.00000
0.23310
1.48576
0.99837
2.23671
1.27652
2.42866
1.12040
1.07301
2.48450
0.75185
0.86688
1.17309
0.62604
0.00000
0.00000
1.17187
0.00000
0.00000
0.00000
0.00000
0.00000
0.00000
0.00000
0.09007
0.00000
0.51067
0.00000
0.00000
0.00000
0.00000
0.00000
0.00000
0.00000
0.00000
0.00000
0.00000
0.00000
0.87354
0.00000
0.41224
0.00000
0.00000
0.00000
0.00000
0.00000
0.00000
0.00000
0.00000
0.34248
0.00000
0.00000
1.27210
0.00000
3.83507
1.02384
1.43498
1.60762
2.07173
1.51917
2.02496
1.16006
0.98620
2.25433
1.96887
3.37745
1.70388
0.48842
1.79725
1.08142
2.53922
0.00000
0.75057
0.76794
0.00000
0.00000
0.03394
0.00000
0.00000
0.00000
0.00000
0.00000
0.00000
0.00000
0.00000
0.00000
0.00000
0.00000
0.00000
0.00000
0.00000
0.00000
1.04188
2.61855
0.81213
1.93635
1.88787
1.15367
0.81635
1.15177
0.86642
0.64071
1.05719
3.16199
1.23426
1.26156
0.00000
0.00000
1.54799
0.00000
0.00000
0.00000
0.00000
0.00000
0.00000
0.00000
0.00000
0.00000
0.00000
0.00000
2.42593
0.76864
2.19649
0.00000
0.00000
0.00000
1.08946
0.52760
0.00000
0.00000
0.00000
0.42467
0.00000
0.00000
0.00000
0.00000
0.00000
0.00000
0.00000
0.00000
0.00000
1.13589
1.36535
2.22174
0.00000
1.08405
2.85668
0.00000
0.00000
0.00000
0.00000
0.00000
0.00000
0.00000
0.00000
0.00000
0.00000
0.00000
0.00000
0.00000
0.00000
0.00000
1.74837
0.00000
0.13306
1.81422
0.96779
0.71151
2.82087
1.59587
1.13893
0.92144
1.02443
1.36093
0.00000
0.00000
0.00000
1.50816
1.14497
0.00000
0.00000
0.00000
0.00000
0.00000
0.00000
0.00000
0.00000
0.00000
0.00000
0.00000
0.00000
0.28449
0.99079
0.00000
0.71390
1.33586
0.59433
1.49832
1.58666
0.98176
1.48857
2.00790
2.43114
1.42592
0.62754
0.00000
0.21891
0.00000
0.00000
4.29123
1.77865
0.00000
0.00000
0.00000
0.00000
0.00000
0.00000
1.45960
0.53575
1.82164
0.86715
0.00000
0.00000
0.00000
0.00000
0.00000
0.00000
1.58862
1.82255
1.15901
1.30334
0.78192
1.44292
2.40194
0.70910
0.93027
1.00186
1.24138
1.04464
0.00000
0.00000
0.00000
0.00000
0.00000
0.01271
0.00000
1.86704
2.15604
1.56648
2.45925
1.69978
0.57601
1.18938
1.40576
0.00000
0.00000
2.45285
0.67668
2.21526
1.10626
1.45737
0.00000
0.00000
0.00000
0.00000
0.00000
0.53449
0.72832
1.63897
1.16212
1.30405
1.05228
0.63675
0.64605
0.00000
0.30946
0.00000
0.00000
0.00000
0.00000
0.00000
0.00000
0.00000
0.00000
0.00000
0.00000
0.00000
0.00000
0.00000
0.00000
0.00000
0.00000
0.00000
0.00000
0.00000
0.00000
0.25128
1.77676
1.03712
1.24635
0.00000
0.00000
1.83265
0.00000
0.00000
0.00000
0.00000
3.55723
0.00000
0.00000
2.46412
0.90849
2.04097
0.00000
0.00000
0.00000
0.00000
0.00000
0.00000
0.00000
0.00000
0.00000
0.00000
2.09650
1.51095
0.69282
0.00000
1.89206
0.00000
0.56439
0.15986
0.00000
0.00000
0.00000
0.00000
0.00000
0.00000
0.00000
0.00000
0.00000
0.00000
0.00000
1.00768
0.00000
0.92762
1.38793
1.33588
1.26598
1.75559
2.08245
1.56886
2.60601
1.14175
2.59327
1.02356
2.07405
2.54139
1.04835
1.50740
1.26969
0.92527
0.66589
0.00000
0.00000
0.00000
0.00000
0.00000
0.00000
0.00000
1.61342
1.02453
2.22820
1.66247
1.01245
0.00000
0.00000
0.00000
0.00000
0.00000
1.45344
1.71935
1.64540
0.49661
1.20877
0.00000
0.00000
0.00000
0.00000
0.00000
0.00000
0.00000
2.16124
0.00000
0.00000
4.69291
0.84551
0.00000
0.00000
0.18305
0.00000
1.98108
1.94328
3.43858
2.44435
2.55395
0.00000
0.00000
0.00000
0.00000
2.40158
1.23471
1.01590
0.31730
2.22067
0.00000
0.00000
0.00000
0.00000
0.00000
0.00000
0.00000
0.00000
0.08684
0.00000
0.00000
0.65994
0.44462
0.00000
2.01404
0.00000
0.00000
0.00000
0.00000
0.00000
0.00000
0.66860
0.00000
0.00000
0.00000
0.00000
0.00000
0.00000
0.00000
2.09362
0.59067
1.76778
0.00000
0.00000
0.00000
0.00000
0.00000
0.00000
0.53392
0.00000
0.00000
0.00000
0.97242
0.00000
0.00000
0.00000
0.00000
0.00000
0.00000
0.00000
0.00000
0.00000
0.00000
0.79743
0.00000
0.00000
0.00000
0.00000
2.21090
0.91620
2.98256
0.00000
0.40026
1.45707
1.05526
0.00000
0.00000
0.00000
1.17925
0.00000
1.60646
0.92502
0.00000
0.00000
0.00000
0.00000
0.00000
3.31703
1.42780
0.85490
1.59546
0.00000
0.09710
0.00000
0.00000
0.00000
0.00000
1.31030
0.00000
0.71768
0.00000
0.00000
0.00000
0.52039
0.00000
1.18963
0.48891
1.50933
1.56619
0.00000
0.24387
0.00000
0.00000
0.00000
0.00000
0.00000
0.00000
0.00000
0.00000
0.00000
0.05049
0.00000
0.00000
0.71276
0.00000
0.00000
0.00000
1.71141
1.18806
0.00000
3.62345
0.00000
0.00000
0.00000
0.00000
0.00000
0.00000
0.00000
0.00000
0.00000
0.00000
0.00000
1.30818
3.48334
0.60238
0.89330
0.37514
1.54834
0.79638
0.00000
0.00000
0.00000
0.00000
0.00000
0.00000
0.00000
0.00000
0.00000
0.00000
0.00000
0.00000
0.00000
0.00000
0.00000
0.00000
0.00000
0.00000
0.00000
0.00000
2.31200
1.55726
0.00000
0.00000
0.00000
0.00000
0.00000
0.00000
0.00000
0.32514
0.64720
0.00000
0.00000
0.00000
0.32896
0.00000
0.00000
0.00000
0.00000
0.00000
0.00000
0.45580
0.53138
0.72830
0.00000
0.00000
0.00000
0.93016
0.00000
0.00000
0.00000
0.00000
0.00000
0.00000
0.00000
3.27279
1.64194
0.00000
0.80946
1.79441
3.34285
2.10960
1.55356
1.54423
0.00000
0.00000
0.00000
0.00000
0.00000
0.13565
0.00000
0.00000
1.99472
1.53002
1.22215
1.41910
0.66350
1.87407
1.03953
0.67827
0.00000
0.00000
0.00000
0.00000
0.00000
0.00000
0.00000
0.00000
0.00000
0.00000
0.00000
0.00000
2.21938
1.94913
1.03822
1.08241
0.55479
1.34954
1.16617
0.00000
0.00000
0.00000
0.00000
0.00000
0.00000
0.00000
0.00000
0.00000
0.00000
0.00000
0.00000
0.00000
0.00000
0.00000
1.19346
0.72695
0.00000
0.00000
0.00000
0.00000
0.00000
0.70065
0.00000
0.00000
0.00000
0.00000
0.00000
0.00000
1.32197
0.00000
0.00000
0.00000
0.00000
0.00000
0.00000
0.00000
0.00000
0.00000
0.72816
0.71318
2.65228
1.15380
1.41471
0.35082
0.00000
0.00000
0.00000
0.00000
0.00000
0.00000
0.00000
2.62742
0.00000
0.00000
0.00000
0.00000
1.14826
0.57193
1.24703
1.88684
1.54251
0.95141
1.97917
1.90517
2.51663
1.39005
1.37352
0.00000
0.51396
0.00000
0.00000
0.00000
0.00000
0.00000
0.00000
0.00000
0.00000
1.17792
0.00000
0.00000
0.00000
0.00000
0.00000
0.00000
2.20551
2.56357
0.82365
1.19383
1.60624
2.10456
2.99051
1.46642
0.91782
0.83095
3.11283
0.39288
1.49078
0.55928
0.00000
0.00000
0.00000
0.00000
0.00000
0.00000
0.00000
0.00000
0.74383
1.23535
2.15641
0.00000
0.89068
0.00000
0.00000
0.00000
0.00000
0.00000
0.00000
0.00000
0.00000
0.00000
0.00000
0.00000
0.00000
0.00000
0.00000
0.00000
0.00000
0.00000
0.00000
0.00000
0.00000
0.00000
0.00000
0.00000
0.00000
0.00000
0.00000
2.23531
0.00000
0.00000
0.00000
0.00000
0.21328
0.00000
0.00000
0.00000
0.00000
0.00000
0.00000
0.00000
0.00000
1.26998
0.85945
1.93735
1.55693
0.89184
1.03878
0.92305
1.77250
0.99910
0.00000
0.00000
0.00000
0.00000
0.00000
0.00000
0.00000
0.00000
0.00000
0.40874
0.00000
0.00000
0.00000
0.00000
0.00000
0.00000
0.25679
0.00000
0.00000
0.00000
0.00000
0.00000
0.00000
0.00000
0.00000
0.00000
0.00000
0.00000
0.00000
4.09054
0.82110
1.57773
2.29004
1.33422
1.27660
0.86271
1.07914
3.40072
1.19360
0.00000
0.00000
0.00000
0.00000
1.31310
1.78854
1.15727
0.00000
0.00000
0.00000
0.00000
0.00000
0.00000
0.00000
0.00000
0.00000
0.00000
0.00000
0.00000
0.00000
0.00000
1.05030
1.78629
0.93011
1.74419
1.23986
0.79472
0.85655
1.44937
0.85046
0.00000
0.00000
0.00000
0.00000
0.00000
2.49186
0.91372
1.27734
2.01859
2.81768
2.01425
0.00000
0.00000
0.00000
0.00000
0.00000
0.00000
0.00000
0.00000
0.00000
0.00000
0.00000
0.00000
0.00000
0.12023
0.00000
0.00000
0.00000
0.00000
0.00000
0.67947
0.92469
2.55807
0.00000
0.00000
0.00000
3.16110
2.00632
0.44745
1.23109
2.47153
0.00000
0.00000
0.00000
0.00000
0.00000
1.25945
0.00000
0.00000
0.00000
0.00000
0.00000
0.00000
0.00000
0.95242
1.54403
1.02269
1.28779
1.11481
0.00000
0.00000
0.00000
0.00000
0.00000
0.00000
0.00000
0.00000
0.00000
0.00000
0.00000
0.00000
0.00000
0.00000
0.00000
0.00000
0.00000
0.00000
0.00000
0.00000
0.82339
2.92576
1.84005
1.80464
5.04712
1.71446
0.85126
0.00000
0.25942
0.00000
0.00000
0.00000
1.25435
2.59920
0.00000
0.00000
0.00000
1.04106
0.69083
1.55336
1.21517
2.23335
2.78402
1.24056
2.08207
0.89026
0.98833
1.35744
0.00000
0.00000
0.00000
1.20858
0.00000
0.00000
1.56825
0.00000
2.60178
0.98511
2.07709
0.74666
0.98873
1.78178
0.64557
0.00000
0.00000
1.74510
1.29659
1.51297
1.61506
0.74842
3.80539
0.00000
0.00000
0.00000
0.00000
0.00000
0.88607
0.00000
1.51274
0.00000
1.96460
1.68740
1.77671
1.26414
1.88955
1.38406
2.06613
0.00000
0.00000
0.00000
0.00000
0.00000
0.00000
0.00000
0.00000
0.00000
0.74158
0.00000
0.00000
0.00000
0.00000
0.00000
0.00000
0.00000
0.00000
0.52845
0.00000
0.00000
1.76533
0.47301
0.00000
0.00000
0.00000
0.00000
1.22230
0.00000
1.36108
0.00000
0.00000
0.00000
0.00000
0.00000
0.00000
0.00000
0.00000
0.00000
0.00000
0.00000
0.80211
0.00000
0.33175
1.66046
1.65124
0.32298
0.00000
0.00000
0.00000
1.05244
0.80598
0.94907
1.41432
2.51786
2.35203
1.88668
0.72806
2.33206
3.25105
0.77494
0.00000
0.00000
0.00000
0.00000
0.00000
3.26202
1.30382
1.17426
1.66871
1.72909
1.99997
1.12352
1.63332
1.78934
2.27457
0.94044
1.59016
1.15510
2.67337
1.79483
0.89817
0.77895
0.83947
0.81100
0.00000
0.00000
0.00000
0.83562
1.15456
1.35392
4.05010
2.37928
0.00000
0.00000
0.00000
0.00000
0.00000
0.00000
0.00000
1.63551
2.11511
2.78566
1.38821
2.70691
2.48158
0.00000
0.00000
0.00000
0.00000
0.00000
0.00000
0.00000
0.00000
0.00000
0.00000
0.00000
0.00000
0.00000
0.00000
0.00000
0.00000
0.00000
0.00000
0.00000
0.00000
0.00000
0.28925
0.16361
0.00000
0.00000
0.00000
0.00000
0.00000
0.00000
1.45904
1.65034
1.31680
2.43152
1.43446
2.86735
0.91439
0.79437
0.68344
2.88168
0.00000
0.00000
0.00000
0.00000
0.00000
0.00000
0.00000
0.00000
0.00000
0.00000
0.00000
0.00000
0.00000
0.00000
0.00000
0.00000
0.31455
0.00000
0.00000
0.00000
0.00000
0.00000
1.28716
0.00000
0.00000
2.34067
1.31195
1.34552
1.15678
1.09868
2.55611
0.00000
0.00000
0.00000
0.00000
0.00000
0.00000
0.00000
0.00000
0.00000
1.95815
1.47119
1.00590
0.00000
0.00000
0.00000
0.00000
0.00000
0.00000
0.00000
0.00000
0.00000
0.00000
2.06581
0.62939
0.56299
0.56827
0.00000
0.00000
0.58112
1.71939
0.00000
0.00000
0.00000
0.00000
0.00000
0.00000
0.66265
0.00000
1.15528
0.00000
0.00000
0.00000
0.00000
0.00000
0.00000
3.65090
1.56249
0.71554
0.00000
0.00000
0.00000
0.00000
0.00000
4.69217
4.59409
1.49304
3.09451
0.53578
0.68945
4.73708
0.00000
0.00000
0.00000
0.00000
0.00000
2.48356
2.09283
1.32911
1.07475
1.77425
0.88609
2.04961
0.00000
0.00000
0.00000
0.00000
0.00000
0.00000
0.00000
0.00000
0.00000
0.00000
0.00000
0.00000
0.72744
0.00000
0.00000
0.00000
0.00000
0.00000
0.00000
0.09762
0.00000
0.00000
0.00000
0.05229
0.00000
0.00000
0.40122
0.00000
0.00000
0.00000
0.00000
0.60901
0.00000
0.00000
0.00000
0.00000
0.00000
0.00000
0.00000
0.00000
0.00000
0.00000
0.00000
0.00000
0.00000
0.00000
0.19285
0.00000
0.00000
0.00000
0.00000
0.00000
1.88776
0.00000
0.00000
0.00000
0.00000
0.00000
0.00000
0.13503
0.00000
0.00000
0.00000
0.00000
0.00000
0.00000
1.10824
1.41486
0.00000
0.00000
0.00000
0.00000
0.00000
0.00000
0.00000
0.00000
0.00000
1.53339
2.55836
0.18750
0.00000
0.00000
0.00000
0.00000
0.00000
0.34764
0.00000
0.00000
0.00000
0.00000
0.00000
0.00000
0.44763
1.66368
1.31056
1.41494
1.37220
0.00000
0.00000
0.00000
0.00000
1.18721
0.00000
0.00000
0.00000
0.00000
0.00000
0.00000
0.00000
0.00000
0.00000
0.00000
0.00000
0.00000
0.00000
0.00000
0.00000
0.00000
0.00000
0.00000
0.00000
0.00000
0.00000
0.00000
0.00000
0.00000
0.00000
1.12632
0.00000
0.00000
0.00000
0.00000
0.00000
0.00000
1.26524
1.59464
2.78379
2.69168
0.64850
1.96834
0.75409
1.85960
1.92459
1.11944
2.88905
0.00000
3.04280
0.00000
0.00000
0.00000
2.06458
0.01032
0.00000
0.00000
0.00000
0.00000
0.00000
0.00000
0.00000
0.00000
0.00000
0.73723
1.86762
3.52924
2.66644
0.00000
0.00000
0.00000
0.00000
0.00000
0.00000
0.00000
0.00000
0.00000
0.00000
0.00000
0.00000
0.00000
0.00000
0.00000
0.00000
0.00000
0.00000
0.00000
1.64469
0.00000
0.00000
0.00000
0.00000
0.00000
0.00000
0.63529
0.00000
0.00000
0.00000
0.00000
0.00000
0.00000
0.00000
0.00000
0.88724
0.00000
0.00000
0.00000
0.18574
0.00000
0.00000
0.00000
0.00000
0.00000
0.00000
0.00000
0.00000
0.00000
0.00000
0.00000
0.00000
0.00000
0.00000
0.00000
0.00000
0.22259
0.00000
0.00000
0.00000
0.00000
0.00000
2.61918
2.58883
1.96008
0.32670
2.36139
0.88013
1.43638
0.55468
2.05242
1.22210
1.16966
0.00000
0.00000
0.00000
0.00000
0.00000
0.00000
0.00000
0.00000
0.00000
0.41445
0.00000
0.00000
0.00000
0.00000
0.00000
0.00000
0.00000
0.00000
1.12566
0.00000
0.00000
0.00000
0.00000
0.00000
0.00000
0.00000
0.00000
0.00000
0.00000
0.00000
0.00000
0.00000
0.00000
0.00000
0.00000
0.00000
0.02829
0.00000
0.00000
0.42506
1.99600
2.40571
1.31217
1.48687
1.25099
1.83452
1.12391
2.63679
0.00000
0.00000
0.00000
0.90156
0.00000
0.00000
0.00000
0.00000
1.82177
1.22715
1.21419
0.74290
2.17270
0.00000
0.30018
0.00000
0.00000
0.00000
1.85331
0.00000
0.00000
0.00000
0.00000
0.00000
0.00000
0.00000
0.16797
0.00000
0.04678
3.76170
0.94539
0.63126
0.94961
0.90024
0.00000
0.00000
0.00000
0.00000
0.41662
1.81212
1.72289
0.75511
0.93493
2.29246
1.39119
0.91150
1.50147
1.90370
0.00000
0.00000
0.00000
0.00000
0.00000
0.00000
0.00000
0.00000
0.00000
0.00000
0.00000
1.68853
1.68158
0.90703
0.00000
0.00000
0.00000
0.00000
0.00000
0.00000
0.00000
0.00000
0.00000
0.00000
0.00000
0.00000
0.00000
0.00000
0.00000
0.00000
0.00000
0.00000
0.00000
0.69772
1.31889
2.14267
0.00000
0.00000
0.00000
0.00000
0.00000
1.81017
0.85771
1.19497
0.00000
0.00000
0.00000
0.00000
0.00000
0.00000
2.69424
0.15787
0.00000
0.00000
0.00000
0.00000
0.00000
0.00000
0.00000
0.00000
0.00000
0.00000
0.00000
0.00000
1.25571
2.30248
0.82612
0.00000
0.00000
0.00000
0.00000
0.00000
0.00000
0.00000
0.00000
0.00000
0.00000
0.00000
0.00000
2.50251
0.80763
1.32164
1.20353
2.29873
0.00000
0.54118
2.01381
2.04590
3.06440
0.69382
1.22954
0.78301
0.86886
0.63390
1.92858
1.43086
1.22570
1.41538
0.77830
1.21227
1.01918
0.92701
1.98626
1.92466
2.35338
1.37191
0.00000
0.00000
0.00000
0.00000
0.00000
0.00000
1.37119
0.00000
0.00000
0.00000
0.00000
0.00000
0.00000
0.00000
0.00000
0.00000
0.53978
1.47725
1.04917
1.64808
1.35334
1.00954
0.95762
1.63040
0.00000
0.00000
0.00000
0.00000
0.00000
0.00000
0.00000
0.00000
0.00000
0.00000
0.00000
0.00000
0.00000
0.00000
0.00000
0.00000
0.00000
0.00000
1.81608
2.12700
3.01949
1.50180
1.46351
0.00000
0.00000
0.00000
1.16922
1.08053
2.52007
1.01344
2.14005
1.20408
0.00000
0.00000
0.00000
0.00000
0.86844
0.00000
0.00000
0.00000
0.00000
0.00000
0.00000
0.00000
1.51028
1.23975
1.15016
0.00000
0.00000
0.00000
0.00000
0.00000
0.00000
0.00000
0.32893
0.09782
0.00000
0.00000
0.00000
0.00000
0.00000
0.00000
0.00000
0.00000
0.00000
0.00000
0.00000
0.00000
0.00000
0.00000
0.00000
1.12722
0.46161
0.75970
1.43024
0.62387
1.85119
0.00000
0.49102
1.14424
0.00000
1.29886
1.43122
1.75865
1.40473
1.88057
1.28414
1.32971
1.39066
0.00000
0.00000
0.00000
0.00000
0.00000
1.56740
4.02301
0.95064
0.87608
3.23636
2.48876
0.89107
0.85022
0.00000
0.00000
0.00000
0.00000
0.00000
0.00000
0.00000
0.00000
0.00000
0.00000
0.68079
0.00000
0.44875
0.00000
0.00000
0.00000
0.00000
0.94285
1.94701
1.68768
0.82284
1.79651
1.36471
1.76790
0.00000
0.00000
0.00000
0.00000
0.00000
0.23644
0.00000
0.00000
0.00000
0.00000
0.26086
0.00000
0.00000
1.15708
2.44528
1.90357
0.60035
2.93070
0.00000
0.00000
0.00000
0.00000
0.00000
0.00000
0.00000
0.00000
5.41287
1.08197
1.42291
1.68142
0.00000
0.00000
0.87804
0.33401
1.18316
3.14867
2.73366
2.24278
1.24953
3.36356
1.52022
1.72782
0.28534
0.00000
0.00000
0.00000
0.00000
0.00000
0.00000
0.00000
0.00000
0.00000
0.00000
0.00000
0.00000
0.00000
0.70753
0.00000
1.98961
1.07457
0.96466
0.23222
0.00000
0.00000
0.00000
0.21719
1.04880
1.32136
1.17447
1.04566
1.27618
0.63032
0.73535
2.43465
1.38118
1.51969
0.00000
1.94383
1.93913
0.00000
0.00000
0.00000
0.00000
0.00000
1.37745
0.00000
1.29060
0.00000
0.00000
1.26529
2.52522
3.07861
0.00000
0.00000
0.00000
0.00000
0.00000
0.00000
0.00000
0.00000
0.00000
3.06045
1.23849
0.52784
1.72272
0.84791
0.00000
0.00000
0.00000
0.00000
0.00000
0.00000
0.00000
0.00000
0.00000
0.00000
0.87452
1.45485
2.93402
0.98181
1.07442
0.00000
0.54808
2.10794
2.54055
0.50575
0.00000
0.00000
0.00000
0.00000
1.47163
0.95924
1.11221
1.26673
1.78227
0.43264
3.44697
1.09662
1.24426
0.72267
1.25551
1.39719
1.11266
2.43996
0.77619
0.00000
0.19712
0.00000
0.00000
0.00000
0.00000
0.00000
0.00000
0.00000
0.00000
0.00000
0.00000
0.00000
0.00000
0.00000
0.00000
0.00000
0.00000
0.00000
0.00000
0.00000
0.00000
0.00000
0.00000
0.00000
0.00000
0.00000
0.00000
0.00000
0.00000
0.00000
0.00000
0.00000
0.00000
0.00000
0.00000
0.00000
0.00000
0.00000
1.32941
0.77574
2.20504
0.00000
0.00000
0.33891
0.00000
0.00000
0.00000
0.00000
0.00000
0.00000
0.00000
0.00000
0.16513
0.00000
0.00000
0.00000
0.00000
0.00000
0.00000
0.00000
0.00000
0.00000
0.00000
0.00000
0.00000
0.00000
0.00000
0.00000
0.00000
0.00000
0.11315
1.50764
2.20211
4.32965
0.85391
2.00114
1.35825
2.40899
1.39876
1.15514
1.69943
2.38195
0.56931
1.83900
1.62587
0.00000
0.39540
0.00000
0.00000
0.00000
0.00000
0.00000
0.00000
0.00000
0.00000
0.00000
0.00000
0.00000
0.00000
0.00000
0.00000
0.00000
0.32470
0.00000
0.00000
0.00000
0.00000
0.00000
0.00000
0.00000
0.00000
0.00000
0.00000
0.53866
0.00000
0.00000
0.00000
0.00000
0.00000
2.57347
1.03918
1.30140
0.89896
0.89538
1.57895
1.30922
1.31174
2.79268
0.98733
0.68213
0.00000
0.00000
0.00000
1.68500
1.59992
0.00000
0.00000
0.00000
0.00000
0.00000
0.00000
0.00000
1.55782
0.00000
0.00000
0.00000
0.00000
0.00000
0.00000
0.00000
0.00000
0.00000
0.00000
0.00000
0.00000
0.00000
0.00000
0.00000
0.00000
0.00000
0.00000
1.04152
0.00000
0.37674
0.00000
0.00000
0.00000
0.00000
0.00000
0.40458
0.00000
0.00000
0.00000
0.00000
0.00000
0.00000
0.00000
0.00000
0.00000
1.09055
1.10991
0.78687
0.00000
0.00000
0.00000
1.06270
0.00000
0.00000
0.00000
0.04388
0.00000
0.00000
0.00000
0.00000
0.00000
0.00000
0.00000
0.00000
0.00000
0.14029
0.00000
0.00000
0.00000
0.00000
0.00000
1.04029
0.00000
0.00000
0.00000
0.00000
0.00000
0.00000
0.00000
0.00000
0.00000
0.00000
0.00000
0.00000
0.00000
0.00000
0.00000
0.00000
0.00000
0.00000
0.00000
0.00000
0.14863
0.00000
0.00000
0.00000
0.00000
0.00000
0.00000
0.00000
0.00000
0.39686
0.00000
0.00000
0.00000
0.00000
0.00000
0.00000
0.08600
0.00000
0.00000
0.00000
0.00000
0.00000
0.00000
1.38454
0.00000
0.00000
0.00000
0.00000
0.00000
1.36567
1.73462
1.37496
0.03671
0.00000
0.30399
0.76496
0.00000
0.00000
0.00000
0.00000
0.00000
0.00000
0.00000
0.00000
0.00000
0.00000
0.00000
0.00000
0.00000
0.00000
0.00000
1.40166
1.23623
2.17444
1.14387
1.08322
2.31185
1.90768
0.00000
0.00000
0.00000
0.00000
0.00000
1.47495
1.12393
0.85935
1.78735
0.70539
2.69781
0.00000
0.00000
0.00000
0.00000
0.00000
0.48163
0.00000
0.00000
0.00000
0.00000
0.00000
3.34405
0.85352
1.74113
2.58753
1.64933
1.57302
1.24202
0.91130
4.12478
0.82036
1.72054
0.49937
1.49877
0.43568
0.71842
0.00000
0.00000
2.29164
0.70206
0.45174
0.99271
1.28013
2.56086
0.96463
1.71044
0.00000
0.00000
0.00000
0.00000
0.00000
0.00000
0.00000
1.74073
0.66681
3.29589
0.00000
0.00000
0.00000
0.00000
0.00000
0.00000
0.00000
0.00000
0.00000
0.00000
0.00000
0.00000
0.00000
0.00000
0.00000
0.00000
0.00000
0.00000
0.00000
0.00000
0.00000
0.55568
0.00000
0.46702
0.85722
0.00000
0.00000
0.00000
0.00000
0.00000
0.00000
0.00000
0.13336
1.05722
1.93355
2.62346
0.74908
1.29752
1.34036
1.52302
0.53104
3.67407
1.53504
1.42481
1.42473
0.00000
0.00000
0.00000
0.00000
0.00000
0.00000
0.00000
0.67142
0.00000
0.00000
0.00000
0.00000
0.00000
0.00000
0.00000
0.00000
0.00000
0.00000
0.00000
0.00000
0.00000
0.00000
0.00000
0.50499
0.00000
0.00000
0.00000
0.00000
0.00000
0.00000
0.00000
0.00000
0.00000
1.09965
2.08739
0.91965
0.98598
0.71431
0.00000
2.14489
1.26584
1.44961
0.00000
0.00000
0.00000
0.00000
0.56059
0.77738
1.23514
0.00000
0.00000
0.00000
0.00000
0.00000
0.00000
0.49409
0.00000
0.21036
0.00000
0.00000
0.14632
0.00000
1.84454
2.24398
0.00000
0.00000
0.00000
0.00000
0.00000
0.00000
0.00000
0.00000
0.00000
0.00000
0.00000
0.00000
0.00000
0.00000
0.00000
0.00000
0.00000
0.00000
0.00000
0.00000
0.00000
1.74890
1.17621
1.24060
1.21291
0.72298
0.66558
0.56125
1.05969
0.00000
0.00000
0.00000
0.00000
0.00000
0.00000
0.00000
0.00000
0.00000
0.46205
0.00000
0.00000
0.00000
1.39995
0.91561
0.00000
0.00000
0.00000
0.00000
0.00000
0.00000
0.00000
0.00000
0.15638
0.00000
0.00000
0.00000
0.25987
1.71969
1.83905
1.03638
2.19422
1.05808
0.00000
0.00000
0.00000
0.96139
1.08839
0.00000
0.00000
0.00000
0.00000
0.00000
0.00000
1.55957
0.69083
2.31668
1.01805
1.16721
1.16156
1.22746
0.86668
1.55535
5.34111
1.01209
1.10751
0.86130
0.94728
1.38468
0.68847
0.28857
0.00000
0.00000
0.03749
0.00000
0.00000
0.00000
0.00000
0.00000
0.00000
0.00000
0.00000
0.00000
0.00000
0.00000
0.00000
0.00000
0.00000
0.00000
0.00000
0.54565
1.45637
1.42566
0.76823
1.29726
0.00000
0.00000
0.00000
0.00000
1.02026
0.00000
1.08778
0.56970
1.56660
0.91472
1.74231
1.30188
0.77993
1.03038
1.53757
2.38214
0.54548
0.38557
2.32591
2.61622
1.38223
0.90966
0.99628
1.16675
0.00000
0.00000
0.46857
0.00000
0.00000
0.00000
0.00000
0.00000
0.00000
0.00000
0.11984
1.22394
0.00000
0.00000
0.00000
0.00000
0.00000
0.00000
0.00000
1.90938
1.78434
0.47016
1.45512
0.00000
0.00000
0.00000
0.90031
0.00000
0.00000
0.00000
0.00000
0.00000
0.00000
0.00000
0.00000
0.17563
0.00000
0.00000
0.00000
0.00000
1.03342
0.00000
0.00000
0.00000
0.00000
0.00000
0.00000
0.00000
0.00000
1.82163
2.01663
3.92672
0.00000
0.00000
0.00000
0.45188
0.00000
0.00000
1.09146
0.92799
0.81385
1.09363
1.24184
3.67793
1.15045
1.66682
1.09307
2.43120
0.00000
0.00000
0.00000
0.86904
0.00000
0.00000
0.00000
0.00000
0.00000
0.00000
0.00000
1.24141
2.83714
1.14730
1.21561
0.98826
1.27000
0.00000
0.00000
0.00000
0.00000
0.12581
0.00000
0.00000
0.00000
0.00000
1.54387
0.00000
0.00000
0.00000
0.00000
0.00000
0.30339
0.46575
1.96494
1.59431
1.92120
0.87700
1.61917
2.87715
1.12696
1.57120
0.00000
0.00000
0.00000
0.00000
0.00000
0.00000
1.55901
0.91383
0.47201
1.81947
1.33439
1.21228
0.69970
0.82310
1.08408
0.99564
0.00000
0.00000
1.20143
0.00000
0.00000
0.00000
0.00000
0.00000
1.71526
0.76142
0.74042
1.07607
1.67362
0.00000
1.04761
0.00000
0.00000
0.00000
0.00000
0.00000
0.00000
2.07641
1.68167
0.00000
2.79001
0.00000
0.00000
0.00000
0.00000
0.00000
0.00000
0.65002
2.07567
1.07280
0.76639
2.23455
1.62038
0.00000
1.61408
0.00000
0.00000
0.05027
0.00000
0.00000
0.00000
0.00000
0.46637
0.00000
0.00000
1.90413
0.55169
1.29246
0.69748
0.82157
0.78705
0.00000
0.00000
0.00000
0.47941
2.26262
1.82974
1.05721
0.93764
1.08025
1.94148
1.29128
2.83033
1.67701
0.85733
1.42400
1.55514
1.22979
0.96263
0.00000
0.00000
0.00000
0.00000
0.00000
0.00000
0.00000
1.50090
1.07876
1.44003
0.60235
0.00000
0.00000
0.00000
0.00000
2.93397
1.30359
0.73528
0.62037
1.53593
0.00000
0.00000
0.00000
0.00000
0.00000
0.00000
0.08898
0.00000
1.08760
2.26502
0.85088
1.48208
0.75395
0.55923
0.90755
1.00055
1.50765
1.54164
0.40794
0.00000
0.00000
0.00000
0.00000
0.00000
0.00000
0.00000
0.00000
0.00000
0.00000
0.00000
0.00000
0.00000
0.44975
0.00000
0.00000
2.92749
0.89635
1.00022
0.00000
0.00000
0.00000
0.00000
0.00000
0.00000
0.00000
0.00000
0.00000
0.00000
0.00000
0.00000
0.00000
0.00000
0.00000
0.00000
0.00000
0.53128
1.95853
1.34650
1.08991
1.79604
0.00000
0.00000
0.72635
0.00000
0.00000
0.00000
0.00000
0.02058
0.00000
0.00000
0.00000
0.75354
0.00000
0.00000
0.00000
1.17891
1.16237
1.96803
0.96426
1.99940
0.32089
1.77443
0.50116
0.00000
0.00000
0.86444
0.48859
0.00000
0.00000
0.00000
0.00000
0.00000
0.00000
0.00000
0.00000
1.54422
0.76380
0.56476
1.52804
2.58064
0.95994
1.33950
0.00000
0.00000
0.00000
0.00000
0.00000
0.00000
0.42517
0.00000
0.13115
0.00000
0.00000
0.00000
0.00000
0.00000
0.00000
0.00000
0.00000
3.95532
2.47331
0.72236
1.33608
0.00000
1.02138
0.00000
0.00000
0.00000
0.00000
0.00000
0.00000
0.00000
0.00000
0.00000
0.00000
0.00000
0.00000
0.00000
0.86915
2.48944
0.67778
0.00000
0.00000
0.00000
0.00000
0.00000
0.00000
0.00000
0.00000
0.00000
1.84019
0.00000
2.07147
0.00000
0.00000
0.00000
0.00000
0.51930
0.00000
0.00000
0.00000
0.00000
0.00000
0.00000
0.00000
0.00000
0.00000
0.00000
0.00000
0.00000
0.00000
0.00000
0.00000
0.00000
0.00000
0.00000
0.00000
0.00000
0.00000
0.00000
0.00000
0.00000
0.00000
2.27391
1.58777
0.59741
2.12389
2.03187
0.00000
0.00000
0.00000
0.00000
0.71445
0.00000
0.00000
0.00000
0.00000
0.00000
0.00000
0.00000
0.00000
0.00000
0.00000
0.00000
0.00000
1.73526
0.00000
0.00000
0.00000
0.00000
0.00000
0.75626
0.55780
2.10625
1.72820
0.08441
0.00000
0.00000
0.00000
0.04508
0.00000
0.00000
0.00000
0.00000
0.00000
0.00000
2.66303
1.64797
0.41915
1.99227
1.78444
0.00000
0.28229
0.00000
0.00000
0.00000
0.00000
0.00000
0.00000
0.37971
0.00000
0.00000
0.00000
0.00000
0.00000
1.64627
0.00000
0.00000
0.00000
0.00000
0.00000
0.00000
0.89633
0.64391
1.16702
1.08522
1.29823
0.64295
1.82084
0.98743
0.76315
0.00000
0.00000
0.00000
0.00000
0.00000
0.00000
0.00000
0.00000
0.00000
0.00000
0.81157
0.00000
0.00000
0.00000
0.00000
0.00000
0.00000
0.00000
0.00000
0.00000
0.00000
0.20983
0.00000
0.00000
0.00000
0.00000
0.00000
0.00000
0.00000
0.00000
0.00000
0.00000
0.00000
0.00000
0.00000
0.00000
0.00000
0.00000
0.00000
0.00000
0.00000
0.00000
0.00000
0.00000
0.00000
0.00000
0.00000
0.00000
0.70972
2.42713
1.04783
1.17849
2.61527
0.00000
0.66819
0.58720
0.00000
0.10660
0.00000
0.00000
0.00000
0.00000
0.00000
0.41355
0.59527
0.00000
0.00000
0.00000
0.00000
0.00000
0.02603
0.00000
0.11611
0.51454
0.00000
0.00000
0.00000
0.09221
0.00000
0.00000
0.00000
0.00000
0.00000
0.00000
0.00000
2.11041
1.64801
0.00000
0.00000
0.00000
0.00000
0.00000
1.76245
1.59132
0.00000
0.00000
0.00000
0.24478
0.00000
0.00000
0.00000
0.00000
0.00000
0.00000
0.83384
0.79186
0.00000
0.00000
0.00000
0.00000
0.00000
0.00000
0.00000
0.00000
0.00000
0.00000
0.00000
0.00000
0.00000
0.00000
0.00000
0.00000
0.00000
0.00000
0.00000
0.00000
0.00000
0.00000
0.00000
0.00000
0.00000
0.00000
0.85551
0.00000
0.29015
0.00000
0.00000
0.00000
0.00000
0.00000
0.00000
0.00000
0.00000
0.11698
0.00000
0.00000
0.00000
0.00000
0.00000
0.00000
2.18294
0.00000
0.00000
0.00000
0.66115
3.80580
0.44689
1.42637
1.90495
1.58188
0.93313
0.74801
0.43740
0.00000
0.00000
2.88560
0.00000
0.00000
0.00000
0.00000
0.00000
0.00000
0.00000
0.00000
0.48912
0.00000
0.00000
0.00000
0.00000
0.53191
0.00000
0.00000
0.00000
0.00000
0.12056
0.00000
0.57122
0.38716
0.00000
0.00000
0.00000
0.00000
0.00000
0.00000
0.46007
1.54097
2.09504
1.27712
0.85199
3.39734
0.82608
2.42509
1.20465
0.00000
0.00000
0.00000
0.00000
0.00000
0.00000
0.00000
0.00000
0.00000
0.00000
0.00000
0.00000
0.00000
0.00000
1.24662
1.49317
0.97049
2.89267
1.00388
2.32859
1.36312
0.00000
0.00000
0.00000
0.00000
0.00000
0.00000
0.56618
0.00000
0.00000
0.00000
0.00000
0.00000
0.00000
2.48620
3.54926
0.05716
0.00000
0.00000
0.00000
0.00000
1.34292
1.03168
1.24242
0.00000
0.00000
0.00000
0.00000
0.00000
0.00000
0.00000
0.00000
0.00000
0.00000
0.00000
0.00000
0.00000
0.00000
0.73079
1.11643
0.63080
0.00000
0.73443
0.70655
0.36324
0.00000
0.00000
0.00000
0.00000
0.00000
0.00000
0.00000
0.00000
0.00000
0.78256
1.72555
0.48784
1.19958
0.00000
0.00000
0.00000
0.00000
0.00000
0.00000
0.00000
0.00000
0.00000
0.00000
1.94079
0.00000
0.00000
0.00000
0.00000
0.00000
0.00000
0.00000
0.00000
0.00000
0.00000
0.21819
0.00000
0.00000
0.00000
0.00000
0.00000
3.13313
1.82397
2.44437
1.47261
1.97514
0.00000
0.00000
0.00000
0.00000
0.00000
0.00000
0.00000
0.00000
0.00000
0.00000
0.00000
0.00000
0.00000
0.00000
1.21280
2.87425
0.00000
0.00000
0.00000
0.00000
0.00000
0.00000
0.00000
0.00000
0.00000
0.00000
0.19578
0.00000
0.00000
0.00000
1.15514
0.88673
1.26363
0.91871
1.13454
1.25515
0.58258
1.36774
2.37297
0.45789
1.29674
0.00000
0.00000
0.00000
0.00000
0.00000
0.00000
0.00000
0.00000
0.00000
0.00000
0.00000
0.00000
0.00000
0.00000
0.00000
0.00000
0.35808
0.33721
0.00000
0.75272
0.00000
0.00000
0.00000
0.00000
0.00000
0.00000
0.70083
0.00000
0.00000
0.00000
0.00000
0.00000
0.00000
0.00000
0.00000
0.00000
0.00000
0.00000
0.00000
0.00000
2.51747
1.17224
0.00000
0.00000
1.24365
1.40429
0.71609
3.08979
1.04028
0.00000
0.00000
0.00000
0.57584
2.78189
1.01008
1.55660
0.90583
2.33225
1.32763
2.73007
0.78100
0.00000
0.00000
0.00000
0.00000
0.00000
0.91516
0.84780
1.32651
0.32628
0.79500
3.29563
1.08304
1.04503
2.49693
0.00000
0.00000
0.00000
0.00000
0.00000
0.00000
0.00000
0.00000
0.00000
0.00000
0.50901
0.00000
0.00000
0.00000
0.00000
0.00000
0.00000
0.00000
0.00000
0.00000
0.00000
0.00000
0.00000
0.00000
0.00000
0.00000
0.00000
0.00000
0.00000
0.00000
0.00000
0.00000
0.00000
0.00000
0.00000
0.00000
0.00000
0.00000
0.00000
0.00000
0.54065
1.45880
0.70729
1.58764
0.47747
1.41959
1.46242
0.00000
1.01450
0.00000
0.00000
0.00000
0.00000
0.00000
2.31060
0.00000
0.00000
0.00000
0.00000
0.36867
0.00000
1.34552
2.38488
0.66167
0.87899
1.22188
1.45851
0.00000
0.00000
0.00000
0.00000
0.00000
0.00000
0.00000
0.00000
0.00000
0.00000
0.00000
0.00000
0.00000
0.00000
0.00000
0.00000
0.00000
0.00000
0.00000
0.00000
0.00000
0.00000
0.00000
0.46720
0.00000
0.00000
0.00000
0.00000
0.00000
0.00000
0.00000
0.00000
0.00000
0.00000
0.00000
3.85044
1.86212
1.58496
0.75234
0.70297
1.55301
0.81557
0.74813
1.69539
1.26647
0.76538
1.24421
1.74655
0.00000
0.00000
0.50354
2.73075
0.76780
0.52836
0.00000
0.00000
0.00000
0.00000
0.00000
0.00000
0.00000
0.00000
0.00000
0.00000
0.00000
0.00000
0.00000
0.00000
0.00000
1.29874
0.00000
0.00000
0.00000
0.00000
0.00000
0.00000
0.81580
0.00000
0.00000
0.00000
0.00000
0.00000
0.00000
0.00000
0.00000
0.00000
0.00000
0.00000
0.00000
0.00000
0.00000
0.00000
0.00000
0.00000
0.00000
0.00000
0.00000
0.00000
0.00000
0.11686
0.00000
0.00000
0.00000
0.71428
1.42078
1.09211
0.56463
1.63674
1.02313
0.00000
0.00000
0.00000
1.51804
0.00000
0.00000
0.00000
0.00000
0.18966
0.00000
0.00000
0.00000
0.00000
0.00000
0.00000
0.00000
0.00000
0.00000
0.00000
0.00000
0.00000
0.00000
0.00000
0.00000
0.00000
0.00000
0.00000
0.00000
0.00000
0.00000
1.54015
0.00000
0.00000
0.00000
0.00000
0.00000
0.00000
1.28450
0.00000
0.00000
0.00000
0.00000
0.00000
1.72601
0.00000
0.00000
0.00000
0.00000
0.00000
0.00000
0.00000
0.00000
0.00000
0.00000
0.00000
0.00000
0.00000
0.00000
0.00000
0.00000
0.55015
0.00000
0.00000
0.00000
0.00000
0.00000
0.00000
0.00000
0.00000
0.79715
0.79598
0.44231
2.04464
1.25942
1.76119
1.52966
1.47382
0.76483
0.00000
0.00000
0.00000
0.00000
0.00000
0.00000
0.00000
0.00000
0.00000
2.13243
0.00000
0.00000
0.00000
0.00000
0.00000
0.00000
0.00000
0.00000
0.00000
0.00000
0.00000
0.00000
0.00000
0.00000
0.00000
2.02313
0.00000
0.00000
0.00000
0.28446
0.00000
0.00000
0.00000
0.00000
0.00000
0.00000
0.00000
0.00000
0.00000
0.00000
1.95569
0.00000
0.00000
0.00000
0.00000
0.00000
0.00000
0.20161
1.36416
0.99914
1.25717
1.30632
0.00000
0.00000
0.00000
0.00000
0.00000
0.36844
0.00000
0.00000
0.00000
0.00000
0.00000
0.00000
0.00000
1.56447
0.00000
0.00000
0.00000
0.00000
0.00000
0.00000
0.81134
0.00000
0.00000
0.00000
0.00000
0.00000
0.00000
0.11246
0.00000
0.00000
0.00000
0.00000
0.00000
0.00000
0.00000
0.00000
0.00000
0.00000
1.25743
0.00000
0.00000
0.00000
0.00000
0.00000
0.00000
0.70175
0.00000
0.00000
0.00000
0.00000
1.82368
0.00000
0.00000
0.00000
0.00000
0.00000
0.00000
0.00000
0.00000
0.00000
0.49088
0.00000
0.00000
0.00000
0.00000
0.00000
0.00000
1.32177
1.41240
0.00000
0.00000
0.00000
0.00000
0.00000
0.00000
0.00000
0.00000
0.00000
0.00000
0.00000
0.00000
0.00000
0.00000
0.00000
0.00000
0.00000
0.00000
0.00000
0.00000
0.00000
0.00000
0.00000
0.00000
0.00000
1.03248
0.00000
0.00000
0.00000
0.00000
0.00000
0.00000
2.20176
0.00000
0.95884
0.99957
0.00000
0.00000
0.00000
0.28781
0.00000
0.00000
0.00000
0.00000
0.00000
0.00000
0.00000
0.00000
0.00000
0.00000
0.00000
0.00000
0.00000
0.00000
0.00000
0.00000
0.00000
0.00000
0.00000
0.00000
0.00000
0.00000
0.00000
0.00000
0.00000
0.00000
0.00000
0.00000
0.00000
0.00000
0.00000
0.00000
0.00000
0.00000
0.00000
0.00000
0.00000
0.00000
0.00000
0.00000
0.00000
0.00000
0.00000
0.00000
0.00000
0.00000
0.00000
0.00000
0.00000
0.00000
0.00000
0.00000
0.00000
0.00000
0.00000
0.00000
0.00000
0.00000
0.00000
0.00000
0.00000
0.00000
0.00000
0.00000
0.00000
0.00000
0.00000
0.00000
0.00000
0.00000
0.00000
0.00000
0.00000
0.00000
1.78635
0.00000
0.00000
0.00000
0.96369
1.34332
0.00000
0.00000
0.00000
0.00000
0.00000
0.21744
1.35696
0.00000
0.00000
0.00000
0.00000
0.33835
0.00000
0.00000
0.00000
0.00000
0.00000
0.00000
0.00000
0.00000
0.00000
0.00000
0.87969
1.68869
0.10196
0.00000
0.00000
0.00000
0.00000
0.20214
0.00000
0.00000
0.00000
0.00000
0.84735
0.00000
0.00000
1.57837
0.29114
0.00000
0.00000
0.00000
0.00000
0.00000
0.00000
0.00000
0.00000
0.00000
0.00000
0.00000
0.00000
0.00000
0.00000
0.00000
0.00000
0.00000
0.00000
0.00000
0.00000
0.00000
0.00000
0.00000
0.48897
0.00000
0.00000
0.00000
0.00000
0.00000
2.65262
0.89314
0.79246
2.22008
0.63994
0.00000
0.46889
0.76710
0.00000
0.00000
0.00000
0.00000
0.00000
0.00000
0.00000
0.00000
1.63082
0.00000
0.00000
0.00000
0.00000
0.00000
0.00000
0.96860
0.00000
0.72720
0.00000
0.00000
0.00000
0.00000
0.29218
0.00000
0.00000
0.00000
0.00000
0.00000
0.00000
0.00000
0.00000
0.00000
0.00000
0.96059
0.00000
0.00000
0.00000
0.00000
0.00000
0.00000
0.00000
0.00000
0.00000
0.00000
0.00000
0.00000
0.09227
1.05228
0.73412
0.50343
0.00000
0.00000
0.00000
0.00000
0.78268
0.00000
0.00000
0.00000
0.77950
1.18290
0.00000
0.00000
0.00000
0.00000
0.00000
0.00000
0.00000
0.00000
0.00000
0.00000
0.00000
0.00000
0.00000
1.56916
0.74521
0.40984
0.00000
0.00000
0.00000
1.38205
2.06857
1.53019
0.74392
0.72436
1.19903
0.56752
0.69428
1.52920
0.00000
0.00000
0.00000
1.29435
0.00000
0.04539
0.00000
0.00000
0.00000
0.00000
0.00000
0.00000
0.00000
0.00000
0.00000
1.00842
0.60925
2.02673
0.00000
1.68177
1.48409
0.00000
0.00000
0.00000
0.00000
0.00000
0.00000
0.00000
0.00000
0.00000
0.00000
0.00000
0.00000
0.00000
0.00000
0.00000
0.00000
0.00000
0.00000
0.00000
0.48548
0.00000
0.00000
0.00000
0.00000
1.34345
0.96863
0.96416
1.37418
1.58141
1.91375
0.83259
0.74874
2.02380
2.50980
0.91701
0.48194
0.00000
0.00000
0.00000
0.00000
0.00000
0.00000
0.00000
0.00000
0.00000
0.00000
0.00000
0.00000
0.00000
0.00000
0.00000
0.00000
0.28086
0.00000
0.00000
0.00000
0.00000
0.00000
0.00000
0.00000
0.00000
0.00000
0.00000
0.00000
0.00000
0.00000
0.00000
0.00000
0.00000
0.30640
0.00000
0.00000
0.00000
0.00000
0.78392
0.30180
0.00000
0.00000
0.00000
0.00000
0.35603
0.25941
0.00000
0.18486
0.00000
0.00000
0.69193
0.00000
0.00000
0.00000
0.00000
0.00000
0.00000
0.00000
0.00000
0.00000
0.00000
0.00000
0.00000
0.00000
0.07193
0.00000
0.00000
0.31796
0.00000
0.00000
1.86860
0.00000
0.00000
0.00000
0.00000
0.00000
0.08327
0.28742
0.00000
0.39545
0.00000
0.00000
0.00000
0.00000
0.00000
0.00000
0.00000
0.00000
0.00000
0.00000
0.00000
0.00000
0.00000
0.00000
0.00000
0.00000
0.00000
0.00000
0.00000
0.00000
1.27141
0.75648
2.63311
1.16032
1.27263
0.85302
1.74519
0.81243
0.77016
2.54743
1.63600
0.00000
0.23793
0.00000
0.00000
0.00000
0.00000
0.00000
0.00000
0.00000
0.41414
0.00000
0.00000
0.00000
0.00000
0.00000
1.71811
0.00000
0.00000
0.00000
0.00000
0.00000
0.00000
0.00000
0.00000
0.00000
0.00000
0.00000
0.00000
0.21368
0.00000
0.00000
0.00000
0.00000
0.00000
0.26393
0.00000
0.00000
0.00000
0.00000
0.00000
0.00000
0.00000
0.94885
0.00000
0.00000
0.00000
0.00000
0.00000
0.05557
0.00000
0.11586
0.00000
1.26871
0.00000
0.00000
0.00000
0.00000
0.00000
0.00000
0.01240
0.00000
1.54125
1.83907
0.00000
0.00000
0.00000
0.00000
0.00000
0.00000
0.00000
0.00000
0.00000
0.00000
0.00000
0.00000
0.00000
0.00000
0.00000
0.00000
0.00000
0.00000
0.00000
0.63769
0.00000
0.00000
0.00000
0.00000
0.00000
0.00000
0.57044
0.00000
0.00000
0.00000
0.00000
1.70834
1.52173
0.00000
0.00000
0.00000
0.00000
1.30290
0.00000
0.35568
0.00000
0.07286
0.00000
0.00000
0.00000
0.00000
0.00000
0.00000
0.00000
0.00000
0.00000
0.00000
0.00000
0.00000
0.11347
0.00000
0.00000
0.00000
0.00000
0.00000
0.00000
0.00000
0.00000
0.00000
0.00000
0.00000
0.00000
0.00000
0.00000
0.00000
0.00000
0.00000
0.00000
0.00000
0.97079
0.72786
0.00000
0.00000
0.00000
0.00000
0.00000
0.00000
0.00000
0.00000
0.00000
0.00000
0.00000
0.00000
0.00000
0.00000
0.00000
0.00000
0.00000
0.00000
0.00000
1.30511
1.81444
1.95735
0.37698
1.80542
0.00000
0.00000
0.00000
0.00000
0.00000
0.00000
0.00000
0.00000
0.00000
0.00000
0.00000
0.00000
0.00000
0.00000
0.00000
0.00000
0.00000
0.00000
0.00000
0.00000
0.00000
0.00000
0.00000
0.00000
0.00000
0.00000
0.00000
0.15628
0.00000
0.00000
0.00000
0.00000
0.00000
0.75990
0.00000
0.00000
0.00000
0.00000
0.00000
0.00000
0.00000
1.89019
0.44281
0.00000
1.29647
0.00000
0.00000
0.00000
0.00000
0.00000
0.00000
0.00000
0.00000
0.00000
1.23421
0.00000
1.61342
0.00000
0.00000
0.00000
0.00000
0.00000
0.00000
0.10083
0.00000
0.00000
0.00000
0.00000
0.00000
0.00000
0.00000
2.00173
0.00000
0.00000
0.44162
0.00000
0.00000
1.27458
0.83466
0.87358
0.00000
0.00000
0.00000
0.00000
0.00000
0.00000
0.00000
0.00000
0.00000
1.32785
0.00000
0.00000
0.00000
0.00000
0.00000
0.00000
0.47185
0.00000
0.00000
0.00000
0.00000
0.00000
0.00000
0.00000
0.00000
0.00000
0.00000
0.39253
0.00000
0.00000
0.00000
0.38627
0.00000
0.00000
0.00000
0.00000
0.00000
0.00000
0.00000
0.00000
0.90209
0.00000
0.00000
0.00000
0.00000
0.00000
0.00000
0.00000
0.00000
0.00000
0.00000
0.00000
0.00000
0.00000
1.12800
0.00000
0.00000
0.00000
0.00000
0.00000
0.00000
0.18517
0.00000
0.00000
0.00000
0.00000
1.11595
0.05501
0.00000
0.00000
0.00000
0.00000
0.00000
0.00000
0.00000
0.00000
0.00000
0.00000
0.00000
0.98871
0.00000
0.00000
0.00000
0.00000
0.00000
0.00000
0.00000
0.00000
0.00000
0.97985
0.00000
0.00000
1.84316
1.50053
0.00000
0.00000
0.00000
0.00000
0.00000
0.62393
0.00000
0.00000
0.00000
0.00000
0.00000
0.00000
0.00000
0.00000
0.00000
0.00000
0.00000
0.00000
0.00000
0.00000
0.00000
0.00000
0.00000
0.00000
0.00000
0.00000
0.00000
0.00000
0.00000
0.00000
0.00000
0.00000
0.00000
0.00000
0.00000
0.00000
0.00000
0.00000
0.00000
0.00000
0.00000
0.00000
0.00000
0.00000
0.00000
0.00000
0.00000
0.00000
0.00000
0.00000
0.00000
0.00000
0.00000
0.00000
0.00000
0.00000
0.00000
0.00000
0.00000
0.00000
0.00000
0.00000
0.00000
0.88437
0.00000
0.00000
2.58886
0.00000
0.00000
0.00000
0.00000
0.00000
0.00000
0.26514
0.00000
0.00000
0.00000
0.00000
0.00000
0.00000
0.00000
0.00000
0.00000
0.00000
0.00000
0.84141
0.00000
0.00000
2.22647
0.00000
0.00000
0.00000
0.00000
0.00000
0.00000
0.00000
0.00000
0.00000
0.00000
0.00000
0.00000
0.00000
0.00000
0.00000
0.00000
0.00000
0.00000
0.00000
0.00000
0.00000
0.00000
0.00000
0.00000
0.00000
0.00000
0.00000
0.00000
0.00000
0.00000
1.06615
1.10191
0.00000
1.06425
0.00000
0.00000
0.00000
0.00000
0.00000
0.00000
0.00000
0.00000
0.00000
0.00000
0.06414
0.00000
0.00000
0.00000
0.00000
0.59342
0.42006
0.00000
0.00000
0.00000
0.00000
0.00000
0.00000
0.00000
0.88419
1.10443
0.68349
0.32252
0.00000
0.00000
0.00000
0.94291
0.00000
0.89299
2.58917
0.00000
0.00000
0.00000
0.00000
0.00000
0.00000
2.23352
0.00000
0.00000
0.00000
0.00000
0.00000
0.00000
0.00000
0.00000
0.00000
0.00000
0.00000
0.00000
0.00000
0.00000
0.00000
0.45763
0.00000
0.00000
0.00000
0.00000
1.42494
0.95253
1.56116
2.72740
0.40479
0.00000
0.00000
0.00000
0.00000
0.00000
0.00000
0.00000
0.00000
0.00000
0.00000
0.00000
0.00000
0.00000
0.00000
0.24132
0.00000
0.00000
0.00000
0.00000
0.00000
0.00000
0.00000
0.00000
0.00000
0.00000
0.00000
0.00000
0.00000
0.00000
0.00000
0.00000
0.00000
0.00000
0.00000
0.00000
0.00000
0.00000
0.00000
1.28587
1.21690
0.00000
0.00000
3.34169
1.58660
1.15470
1.08972
0.47495
0.00000
0.00000
0.00000
0.00000
0.00000
1.43760
0.00000
1.00667
0.00000
0.00000
0.00000
0.00000
0.00000
0.00000
1.49887
1.72727
0.76120
0.00000
0.00000
0.00000
0.00000
0.72049
0.27354
0.00000
0.00000
0.00000
0.00000
0.98879
0.00000
0.00000
0.00000
0.00000
0.00000
0.00000
0.00000
0.00000
1.27593
1.59172
3.19763
2.08129
1.19518
0.87596
1.16078
0.00000
0.00000
0.00000
0.00000
0.00000
0.00000
0.00000
0.00000
1.24521
0.00000
0.00000
0.00000
0.00000
0.44105
0.00000
0.00000
0.00000
0.00000
0.00000
0.00000
0.00000
0.00000
0.00000
0.00000
0.59978
1.66750
1.65710
0.00000
0.00000
0.00000
0.00000
0.00000
0.00000
