0.00000
0.00000
0.00000
0.00000
0.00000
0.00000
1.44587
2.05655
0.00000
0.00000
0.00000
0.00000
0.00000
0.00000
0.00000
0.00000
1.22589
0.75144
1.73916
0.98861
2.18722
0.94573
0.87786
2.07382
0.62690
0.66739
0.96627
0.54503
0.00000
0.00000
0.98237
0.00000
0.00000
0.00000
0.00000
0.00000
0.00000
0.00000
0.00000
0.00000
0.00000
0.00000
0.00000
0.00000
0.00000
0.00000
0.00000
0.00000
0.00000
0.00000
0.00000
0.00000
0.00000
0.00000
0.00000
0.00000
0.00000
0.00000
0.00000
0.00000
0.00000
0.00000
0.00000
0.00000
0.00000
0.00000
0.00000
0.00000
3.08712
0.79302
1.19844
1.49999
1.66243
1.24082
1.72117
0.94274
0.91379
1.68461
1.70981
2.65346
1.34610
0.39843
1.47009
0.91466
1.99776
0.00000
0.59752
0.64690
0.00000
0.00000
0.00000
0.00000
0.00000
0.00000
0.00000
0.00000
0.00000
0.00000
0.00000
0.00000
0.00000
0.00000
0.00000
0.00000
0.00000
0.00000
0.82444
2.29748
0.68988
1.73628
1.67277
0.97802
0.63655
0.97323
0.67968
0.51507
0.85142
2.75249
0.94563
1.13262
0.00000
0.00000
0.00000
0.00000
0.00000
0.00000
0.00000
0.00000
0.00000
0.00000
0.00000
0.00000
0.00000
0.00000
2.03103
0.65325
1.85384
0.00000
0.00000
0.00000
0.88847
0.45343
0.00000
0.00000
0.00000
0.00000
0.00000
0.00000
0.00000
0.00000
0.00000
0.00000
0.00000
0.00000
0.00000
0.99649
1.19734
1.73281
0.00000
0.91835
2.61991
0.00000
0.00000
0.00000
0.00000
0.00000
0.00000
0.00000
0.00000
0.00000
0.00000
0.00000
0.00000
0.00000
0.00000
0.00000
0.00000
0.00000
0.00000
1.30495
0.78278
0.61229
2.21610
1.14238
1.12478
0.82710
0.88951
1.21754
0.00000
0.00000
0.00000
1.25141
0.93228
0.00000
0.00000
0.00000
0.00000
0.00000
0.00000
0.00000
0.00000
0.00000
0.00000
0.00000
0.00000
0.00000
0.00000
0.00000
0.56533
1.29166
0.52757
1.23777
1.24479
0.82468
1.15899
1.66244
1.88193
1.08503
0.53356
0.00000
0.00000
0.00000
0.00000
3.32819
1.25074
0.00000
0.00000
0.00000
0.00000
0.00000
0.00000
1.21218
0.42826
1.37470
0.71534
0.00000
0.00000
0.00000
0.00000
0.00000
0.00000
1.33537
1.54099
0.96436
1.07901
0.66374
1.09977
1.83952
0.60853
0.85058
0.79563
1.02623
0.93475
0.00000
0.00000
0.00000
0.00000
0.00000
0.00000
0.00000
1.49559
1.64599
1.27581
1.86703
1.49165
0.48137
1.10518
1.23026
0.00000
0.00000
2.07304
0.58740
1.67685
0.88536
1.11444
0.00000
0.00000
0.00000
0.00000
0.00000
0.45579
0.64739
1.40800
1.10882
1.02026
0.86577
0.53237
0.51997
0.00000
0.00000
0.00000
0.00000
0.00000
0.00000
0.00000
0.00000
0.00000
0.00000
0.00000
0.00000
0.00000
0.00000
0.00000
0.00000
0.00000
0.00000
0.00000
0.00000
0.00000
0.00000
0.00000
1.43710
0.83971
0.87036
0.00000
0.00000
1.66403
0.00000
0.00000
0.00000
0.00000
0.00000
0.00000
0.00000
2.11478
0.67012
1.62690
0.00000
0.00000
0.00000
0.00000
0.00000
0.00000
0.00000
0.00000
0.00000
0.00000
1.75153
1.32767
0.00000
0.00000
1.51472
0.00000
0.00000
0.00000
0.00000
0.00000
0.00000
0.00000
0.00000
0.00000
0.00000
0.00000
0.00000
0.00000
0.00000
0.00000
0.00000
0.75849
1.14444
1.18518
0.96688
1.47027
1.62009
1.27312
2.07889
1.03041
2.34095
0.87065
1.71725
2.03635
0.79733
1.16285
1.11142
0.78620
0.57622
0.00000
0.00000
0.00000
0.00000
0.00000
0.00000
0.00000
1.41232
0.85978
1.74177
1.25518
0.78698
0.00000
0.00000
0.00000
0.00000
0.00000
1.16459
1.26414
1.35321
0.42181
1.00893
0.00000
0.00000
0.00000
0.00000
0.00000
0.00000
0.00000
1.72971
0.00000
0.00000
4.09816
0.72420
0.00000
0.00000
0.00000
0.00000
1.54351
1.52278
2.57546
2.13779
2.04882
0.00000
0.00000
0.00000
0.00000
1.86789
1.20233
0.77963
0.25516
1.60697
0.00000
0.00000
0.00000
0.00000
0.00000
0.00000
0.00000
0.00000
0.00000
0.00000
0.00000
0.50535
0.00000
0.00000
1.74071
0.00000
0.00000
0.00000
0.00000
0.00000
0.00000
0.00000
0.00000
0.00000
0.00000
0.00000
0.00000
0.00000
0.00000
1.69271
0.50370
1.58397
0.00000
0.00000
0.00000
0.00000
0.00000
0.00000
0.00000
0.00000
0.00000
0.00000
0.00000
0.00000
0.00000
0.00000
0.00000
0.00000
0.00000
0.00000
0.00000
0.00000
0.00000
0.00000
0.00000
0.00000
0.00000
0.00000
1.71456
0.71712
2.38709
0.00000
0.00000
1.09070
0.81678
0.00000
0.00000
0.00000
0.00000
0.00000
1.54449
0.72546
0.00000
0.00000
0.00000
0.00000
0.00000
2.86856
1.21803
0.69284
1.19092
0.00000
0.00000
0.00000
0.00000
0.00000
0.00000
1.08677
0.00000
0.58976
0.00000
0.00000
0.00000
0.00000
0.00000
0.00000
0.43004
1.35089
1.32567
0.00000
0.00000
0.00000
0.00000
0.00000
0.00000
0.00000
0.00000
0.00000
0.00000
0.00000
0.00000
0.00000
0.00000
0.00000
0.00000
0.00000
0.00000
1.42555
0.00000
0.00000
0.00000
0.00000
0.00000
0.00000
0.00000
0.00000
0.00000
0.00000
0.00000
0.00000
0.00000
0.00000
1.08045
2.80656
0.55866
0.76019
0.32222
1.21707
0.59313
0.00000
0.00000
0.00000
0.00000
0.00000
0.00000
0.00000
0.00000
0.00000
0.00000
0.00000
0.00000
0.00000
0.00000
0.00000
0.00000
0.00000
0.00000
0.00000
0.00000
1.72270
1.23595
0.00000
0.00000
0.00000
0.00000
0.00000
0.00000
0.00000
0.00000
0.00000
0.00000
0.00000
0.00000
0.26303
0.00000
0.00000
0.00000
0.00000
0.00000
0.00000
0.00000
0.00000
0.00000
0.00000
0.00000
0.00000
0.00000
0.00000
0.00000
0.00000
0.00000
0.00000
0.00000
0.00000
2.74676
1.23059
0.00000
0.65629
1.36914
2.84158
1.80034
1.29231
1.47491
0.00000
0.00000
0.00000
0.00000
0.00000
0.00000
0.00000
0.00000
1.53160
1.27749
0.99535
1.07024
0.62567
1.57822
0.86842
0.56855
0.00000
0.00000
0.00000
0.00000
0.00000
0.00000
0.00000
0.00000
0.00000
0.00000
0.00000
0.00000
1.85083
1.66045
0.86166
0.93665
0.44270
1.17321
0.84570
0.00000
0.00000
0.00000
0.00000
0.00000
0.00000
0.00000
0.00000
0.00000
0.00000
0.00000
0.00000
0.00000
0.00000
0.00000
0.00000
0.00000
0.00000
0.00000
0.00000
0.00000
0.00000
0.00000
0.00000
0.00000
0.00000
0.00000
0.00000
0.00000
0.00000
0.00000
0.00000
0.00000
0.00000
0.00000
0.00000
0.00000
0.00000
0.00000
0.00000
0.62699
2.29491
0.95650
1.09405
0.00000
0.00000
0.00000
0.00000
0.00000
0.00000
0.00000
0.00000
2.36876
0.00000
0.00000
0.00000
0.00000
0.00000
0.47456
0.96833
1.53687
1.25215
0.72582
1.52469
1.61296
2.07135
1.15707
1.15207
0.00000
0.00000
0.00000
0.00000
0.00000
0.00000
0.00000
0.00000
0.00000
0.00000
0.00000
0.00000
0.00000
0.00000
0.00000
0.00000
0.00000
1.86198
2.14693
0.74319
0.92165
1.36082
1.82531
2.22788
1.21552
0.69442
0.66643
2.57743
0.31263
1.14174
0.46221
0.00000
0.00000
0.00000
0.00000
0.00000
0.00000
0.00000
0.00000
0.00000
1.10635
1.69609
0.00000
0.71066
0.00000
0.00000
0.00000
0.00000
0.00000
0.00000
0.00000
0.00000
0.00000
0.00000
0.00000
0.00000
0.00000
0.00000
0.00000
0.00000
0.00000
0.00000
0.00000
0.00000
0.00000
0.00000
0.00000
0.00000
0.00000
0.00000
1.89102
0.00000
0.00000
0.00000
0.00000
0.00000
0.00000
0.00000
0.00000
0.00000
0.00000
0.00000
0.00000
0.00000
1.10587
0.68793
1.50213
1.20145
0.72501
0.82898
0.74228
1.56008
0.81242
0.00000
0.00000
0.00000
0.00000
0.00000
0.00000
0.00000
0.00000
0.00000
0.00000
0.00000
0.00000
0.00000
0.00000
0.00000
0.00000
0.00000
0.00000
0.00000
0.00000
0.00000
0.00000
0.00000
0.00000
0.00000
0.00000
0.00000
0.00000
0.00000
3.51090
0.63940
1.13088
1.87742
1.25381
1.01341
0.77825
0.95916
2.72628
1.02040
0.00000
0.00000
0.00000
0.00000
1.08286
1.32073
0.97284
0.00000
0.00000
0.00000
0.00000
0.00000
0.00000
0.00000
0.00000
0.00000
0.00000
0.00000
0.00000
0.00000
0.00000
0.81761
1.38880
0.81864
1.43251
1.12962
0.64443
0.78530
1.13398
0.66727
0.00000
0.00000
0.00000
0.00000
0.00000
2.01486
0.73052
1.12647
1.57777
2.38817
1.61234
0.00000
0.00000
0.00000
0.00000
0.00000
0.00000
0.00000
0.00000
0.00000
0.00000
0.00000
0.00000
0.00000
0.00000
0.00000
0.00000
0.00000
0.00000
0.00000
0.56070
0.73087
1.98588
0.00000
0.00000
0.00000
2.40875
1.71001
0.37241
1.03235
1.77523
0.00000
0.00000
0.00000
0.00000
0.00000
0.97536
0.00000
0.00000
0.00000
0.00000
0.00000
0.00000
0.00000
0.90258
1.24808
0.86589
1.18587
0.99635
0.00000
0.00000
0.00000
0.00000
0.00000
0.00000
0.00000
0.00000
0.00000
0.00000
0.00000
0.00000
0.00000
0.00000
0.00000
0.00000
0.00000
0.00000
0.00000
0.00000
0.66255
2.71314
1.57634
1.56452
3.92099
1.40372
0.69416
0.00000
0.00000
0.00000
0.00000
0.00000
1.08318
2.05532
0.00000
0.00000
0.00000
0.00000
0.56530
1.23707
1.12693
1.76461
2.32888
1.06395
1.80523
0.70585
0.78922
1.21869
0.00000
0.00000
0.00000
0.00000
0.00000
0.00000
0.00000
0.00000
2.15728
0.83496
1.59836
0.60492
0.71961
1.57224
0.53535
0.00000
0.00000
1.33119
1.14444
1.15224
1.40449
0.61953
3.17565
0.00000
0.00000
0.00000
0.00000
0.00000
0.72360
0.00000
1.26227
0.00000
1.64309
1.31325
1.43932
1.09088
1.55910
1.24381
1.97593
0.00000
0.00000
0.00000
0.00000
0.00000
0.00000
0.00000
0.00000
0.00000
0.00000
0.00000
0.00000
0.00000
0.00000
0.00000
0.00000
0.00000
0.00000
0.00000
0.00000
0.00000
1.54124
0.00000
0.00000
0.00000
0.00000
0.00000
1.00707
0.00000
1.01132
0.00000
0.00000
0.00000
0.00000
0.00000
0.00000
0.00000
0.00000
0.00000
0.00000
0.00000
0.00000
0.00000
0.31170
1.31986
1.27317
0.29512
0.00000
0.00000
0.00000
0.88049
0.63660
0.78643
1.16388
1.98935
1.98429
1.56323
0.62769
2.03413
2.50962
0.67029
0.00000
0.00000
0.00000
0.00000
0.00000
2.65921
1.12722
0.97648
1.24944
1.32457
1.52311
0.93664
1.39381
1.39524
1.76114
0.75122
1.40297
0.92839
2.27280
1.37244
0.62374
0.70820
0.64187
0.68000
0.00000
0.00000
0.00000
0.74779
0.93691
1.15713
3.77161
2.16922
0.00000
0.00000
0.00000
0.00000
0.00000
0.00000
0.00000
1.32038
1.61935
2.27636
1.10507
2.12217
1.78088
0.00000
0.00000
0.00000
0.00000
0.00000
0.00000
0.00000
0.00000
0.00000
0.00000
0.00000
0.00000
0.00000
0.00000
0.00000
0.00000
0.00000
0.00000
0.00000
0.00000
0.00000
0.00000
0.00000
0.00000
0.00000
0.00000
0.00000
0.00000
0.00000
1.13038
1.57260
1.04155
2.07815
1.20804
2.53164
0.83954
0.68685
0.60347
2.01800
0.00000
0.00000
0.00000
0.00000
0.00000
0.00000
0.00000
0.00000
0.00000
0.00000
0.00000
0.00000
0.00000
0.00000
0.00000
0.00000
0.00000
0.00000
0.00000
0.00000
0.00000
0.00000
1.11514
0.00000
0.00000
2.09270
1.10192
1.14429
0.91929
0.85375
1.93545
0.00000
0.00000
0.00000
0.00000
0.00000
0.00000
0.00000
0.00000
0.00000
1.64530
1.21374
0.82882
0.00000
0.00000
0.00000
0.00000
0.00000
0.00000
0.00000
0.00000
0.00000
0.00000
1.75270
0.52595
0.47705
0.47582
0.00000
0.00000
0.46885
1.51541
0.00000
0.00000
0.00000
0.00000
0.00000
0.00000
0.00000
0.00000
0.00000
0.00000
0.00000
0.00000
0.00000
0.00000
0.00000
2.87550
1.30497
0.00000
0.00000
0.00000
0.00000
0.00000
0.00000
3.34082
3.32434
1.24226
2.63574
0.44458
0.54602
3.60939
0.00000
0.00000
0.00000
0.00000
0.00000
1.90130
1.56421
1.16996
0.89194
1.46073
0.69990
1.68185
0.00000
0.00000
0.00000
0.00000
0.00000
0.00000
0.00000
0.00000
0.00000
0.00000
0.00000
0.00000
0.00000
0.00000
0.00000
0.00000
0.00000
0.00000
0.00000
0.00000
0.00000
0.00000
0.00000
0.00000
0.00000
0.00000
0.00000
0.00000
0.00000
0.00000
0.00000
0.00000
0.00000
0.00000
0.00000
0.00000
0.00000
0.00000
0.00000
0.00000
0.00000
0.00000
0.00000
0.00000
0.00000
0.00000
0.00000
0.00000
0.00000
0.00000
0.00000
0.00000
1.43047
0.00000
0.00000
0.00000
0.00000
0.00000
0.00000
0.00000
0.00000
0.00000
0.00000
0.00000
0.00000
0.00000
1.04769
1.28243
0.00000
0.00000
0.00000
0.00000
0.00000
0.00000
0.00000
0.00000
0.00000
1.23692
1.99136
0.00000
0.00000
0.00000
0.00000
0.00000
0.00000
0.00000
0.00000
0.00000
0.00000
0.00000
0.00000
0.00000
0.37203
1.30064
1.07441
1.04100
1.16326
0.00000
0.00000
0.00000
0.00000
0.00000
0.00000
0.00000
0.00000
0.00000
0.00000
0.00000
0.00000
0.00000
0.00000
0.00000
0.00000
0.00000
0.00000
0.00000
0.00000
0.00000
0.00000
0.00000
0.00000
0.00000
0.00000
0.00000
0.00000
0.00000
0.00000
0.00000
0.00000
0.00000
0.00000
0.00000
0.00000
0.00000
1.08811
1.34288
2.10653
2.19784
0.52993
1.56760
0.62922
1.51546
1.66059
0.84244
2.12044
0.00000
0.00000
0.00000
0.00000
0.00000
1.79120
0.00000
0.00000
0.00000
0.00000
0.00000
0.00000
0.00000
0.00000
0.00000
0.00000
0.59422
1.54650
2.67981
2.35270
0.00000
0.00000
0.00000
0.00000
0.00000
0.00000
0.00000
0.00000
0.00000
0.00000
0.00000
0.00000
0.00000
0.00000
0.00000
0.00000
0.00000
0.00000
0.00000
1.51556
0.00000
0.00000
0.00000
0.00000
0.00000
0.00000
0.00000
0.00000
0.00000
0.00000
0.00000
0.00000
0.00000
0.00000
0.00000
0.00000
0.00000
0.00000
0.00000
0.00000
0.00000
0.00000
0.00000
0.00000
0.00000
0.00000
0.00000
0.00000
0.00000
0.00000
0.00000
0.00000
0.00000
0.00000
0.00000
0.00000
0.00000
0.00000
0.00000
0.00000
0.00000
0.00000
2.35343
2.27654
1.58817
0.30963
2.01550
0.78561
1.10687
0.46732
1.61496
0.93233
0.94840
0.00000
0.00000
0.00000
0.00000
0.00000
0.00000
0.00000
0.00000
0.00000
0.00000
0.00000
0.00000
0.00000
0.00000
0.00000
0.00000
0.00000
0.00000
0.00000
0.00000
0.00000
0.00000
0.00000
0.00000
0.00000
0.00000
0.00000
0.00000
0.00000
0.00000
0.00000
0.00000
0.00000
0.00000
0.00000
0.00000
0.00000
0.00000
0.00000
0.34756
1.54946
1.96688
1.15050
1.19334
1.05662
1.59148
0.92760
2.14422
0.00000
0.00000
0.00000
0.70643
0.00000
0.00000
0.00000
0.00000
1.58162
0.95585
0.97281
0.58187
1.72354
0.00000
0.00000
0.00000
0.00000
0.00000
1.40888
0.00000
0.00000
0.00000
0.00000
0.00000
0.00000
0.00000
0.00000
0.00000
0.00000
3.27884
0.73989
0.49673
0.72565
0.81985
0.00000
0.00000
0.00000
0.00000
0.34034
1.57072
1.38942
0.75638
0.76866
1.89048
1.17905
0.68388
1.23889
1.57336
0.00000
0.00000
0.00000
0.00000
0.00000
0.00000
0.00000
0.00000
0.00000
0.00000
0.00000
1.53118
1.32640
0.74867
0.00000
0.00000
0.00000
0.00000
0.00000
0.00000
0.00000
0.00000
0.00000
0.00000
0.00000
0.00000
0.00000
0.00000
0.00000
0.00000
0.00000
0.00000
0.00000
0.00000
1.15586
0.00000
0.00000
0.00000
0.00000
0.00000
0.00000
1.55018
0.68247
0.94709
0.00000
0.00000
0.00000
0.00000
0.00000
0.00000
1.99035
0.00000
0.00000
0.00000
0.00000
0.00000
0.00000
0.00000
0.00000
0.00000
0.00000
0.00000
0.00000
0.00000
0.95852
1.98265
0.73214
0.00000
0.00000
0.00000
0.00000
0.00000
0.00000
0.00000
0.00000
0.00000
0.00000
0.00000
0.00000
2.08344
0.70746
1.02960
1.10721
2.00713
0.00000
0.43281
1.71158
1.57178
2.36679
0.59571
1.12037
0.59290
0.71737
0.49798
1.62884
1.23126
0.98086
1.15463
0.61120
0.95742
0.77679
0.74095
1.52114
1.49374
2.11743
1.09800
0.00000
0.00000
0.00000
0.00000
0.00000
0.00000
0.00000
0.00000
0.00000
0.00000
0.00000
0.00000
0.00000
0.00000
0.00000
0.00000
0.44721
1.16168
0.86112
1.39304
1.03092
0.83312
0.73543
1.28131
0.00000
0.00000
0.00000
0.00000
0.00000
0.00000
0.00000
0.00000
0.00000
0.00000
0.00000
0.00000
0.00000
0.00000
0.00000
0.00000
0.00000
0.00000
1.55282
1.79619
2.58051
1.32692
1.26418
0.00000
0.00000
0.00000
0.96486
0.89176
1.89803
0.83764
1.61866
1.03611
0.00000
0.00000
0.00000
0.00000
0.67223
0.00000
0.00000
0.00000
0.00000
0.00000
0.00000
0.00000
1.23343
1.08001
0.97547
0.00000
0.00000
0.00000
0.00000
0.00000
0.00000
0.00000
0.00000
0.00000
0.00000
0.00000
0.00000
0.00000
0.00000
0.00000
0.00000
0.00000
0.00000
0.00000
0.00000
0.00000
0.00000
0.00000
0.00000
0.96317
0.38331
0.64186
1.11191
0.49725
1.58211
0.00000
0.00000
0.00000
0.00000
0.99518
1.08868
1.40914
1.18525
1.60015
1.10289
1.12558
1.18011
0.00000
0.00000
0.00000
0.00000
0.00000
1.35882
3.14931
0.78733
0.73943
2.46589
2.12492
0.71513
0.00000
0.00000
0.00000
0.00000
0.00000
0.00000
0.00000
0.00000
0.00000
0.00000
0.00000
0.00000
0.00000
0.00000
0.00000
0.00000
0.00000
0.00000
0.75424
1.53428
1.49140
0.68131
1.44878
1.14936
1.46931
0.00000
0.00000
0.00000
0.00000
0.00000
0.00000
0.00000
0.00000
0.00000
0.00000
0.00000
0.00000
0.00000
0.93543
1.87782
1.56137
0.48028
2.19458
0.00000
0.00000
0.00000
0.00000
0.00000
0.00000
0.00000
0.00000
4.42618
0.83171
1.16589
0.00000
0.00000
0.00000
0.77825
0.29481
0.97202
2.59936
2.00775
1.86647
1.03607
2.76592
1.15515
1.24210
0.00000
0.00000
0.00000
0.00000
0.00000
0.00000
0.00000
0.00000
0.00000
0.00000
0.00000
0.00000
0.00000
0.00000
0.00000
0.00000
1.78503
0.86149
0.71239
0.00000
0.00000
0.00000
0.00000
0.00000
0.97546
1.05463
0.85860
0.88903
0.96893
0.48904
0.61124
1.92032
1.10875
1.22209
0.00000
1.92637
1.72678
0.00000
0.00000
0.00000
0.00000
0.00000
0.00000
0.00000
1.09999
0.00000
0.00000
1.16105
2.04315
2.49774
0.00000
0.00000
0.00000
0.00000
0.00000
0.00000
0.00000
0.00000
0.00000
2.51346
0.98506
0.44678
1.32929
0.67321
0.00000
0.00000
0.00000
0.00000
0.00000
0.00000
0.00000
0.00000
0.00000
0.00000
0.73370
1.19065
2.51786
1.02442
0.82247
0.00000
0.40028
1.48391
2.34569
0.48444
0.00000
0.00000
0.00000
0.00000
1.03130
0.76600
0.96538
1.01557
1.50885
0.36823
2.59801
0.93606
1.07988
0.65733
1.05533
1.22675
0.88306
2.05669
0.58683
0.00000
0.00000
0.00000
0.00000
0.00000
0.00000
0.00000
0.00000
0.00000
0.00000
0.00000
0.00000
0.00000
0.00000
0.00000
0.00000
0.00000
0.00000
0.00000
0.00000
0.00000
0.00000
0.00000
0.00000
0.00000
0.00000
0.00000
0.00000
0.00000
0.00000
0.00000
0.00000
0.00000
0.00000
0.00000
0.00000
0.00000
0.00000
0.00000
1.15358
0.66816
1.82439
0.00000
0.00000
0.00000
0.00000
0.00000
0.00000
0.00000
0.00000
0.00000
0.00000
0.00000
0.00000
0.00000
0.00000
0.00000
0.00000
0.00000
0.00000
0.00000
0.00000
0.00000
0.00000
0.00000
0.00000
0.00000
0.00000
0.00000
0.00000
0.00000
0.00000
1.17983
1.68535
3.75016
0.66377
1.90086
1.02541
1.93502
1.11611
0.94127
1.30835
1.99885
0.45017
1.55992
1.31262
0.00000
0.00000
0.00000
0.00000
0.00000
0.00000
0.00000
0.00000
0.00000
0.00000
0.00000
0.00000
0.00000
0.00000
0.00000
0.00000
0.00000
0.00000
0.00000
0.00000
0.00000
0.00000
0.00000
0.00000
0.00000
0.00000
0.00000
0.00000
0.49997
0.00000
0.00000
0.00000
0.00000
0.00000
2.13546
0.88622
1.07863
0.74722
0.71027
1.24998
0.98469
1.00744
2.50352
0.80620
0.54362
0.00000
0.00000
0.00000
1.48499
1.45230
0.00000
0.00000
0.00000
0.00000
0.00000
0.00000
0.00000
0.00000
0.00000
0.00000
0.00000
0.00000
0.00000
0.00000
0.00000
0.00000
0.00000
0.00000
0.00000
0.00000
0.00000
0.00000
0.00000
0.00000
0.00000
0.00000
0.00000
0.00000
0.00000
0.00000
0.00000
0.00000
0.00000
0.00000
0.00000
0.00000
0.00000
0.00000
0.00000
0.00000
0.00000
0.00000
0.00000
0.00000
0.81077
0.90210
0.59707
0.00000
0.00000
0.00000
0.00000
0.00000
0.00000
0.00000
0.00000
0.00000
0.00000
0.00000
0.00000
0.00000
0.00000
0.00000
0.00000
0.00000
0.00000
0.00000
0.00000
0.00000
0.00000
0.00000
0.00000
0.00000
0.00000
0.00000
0.00000
0.00000
0.00000
0.00000
0.00000
0.00000
0.00000
0.00000
0.00000
0.00000
0.00000
0.00000
0.00000
0.00000
0.00000
0.00000
0.00000
0.00000
0.00000
0.00000
0.00000
0.00000
0.00000
0.00000
0.00000
0.00000
0.00000
0.00000
0.00000
0.00000
0.00000
0.00000
0.00000
0.00000
0.00000
0.00000
0.00000
0.00000
0.00000
0.00000
1.10240
0.00000
0.00000
0.00000
0.00000
0.00000
1.11463
1.44532
1.21396
0.00000
0.00000
0.00000
0.00000
0.00000
0.00000
0.00000
0.00000
0.00000
0.00000
0.00000
0.00000
0.00000
0.00000
0.00000
0.00000
0.00000
0.00000
0.00000
1.09813
0.90781
1.68421
0.96034
0.83978
1.88053
1.50254
0.00000
0.00000
0.00000
0.00000
0.00000
1.23414
0.92005
0.71655
1.38854
0.59295
2.09826
0.00000
0.00000
0.00000
0.00000
0.00000
0.00000
0.00000
0.00000
0.00000
0.00000
0.00000
2.69939
0.71067
1.37078
1.89492
1.43232
1.22500
0.90212
0.68942
3.30000
0.66334
1.38626
0.40935
1.26748
0.37345
0.54060
0.00000
0.00000
2.23631
0.57157
0.38146
0.84436
1.10231
2.30475
0.80492
1.29551
0.00000
0.00000
0.00000
0.00000
0.00000
0.00000
0.00000
1.36447
0.54030
2.69258
0.00000
0.00000
0.00000
0.00000
0.00000
0.00000
0.00000
0.00000
0.00000
0.00000
0.00000
0.00000
0.00000
0.00000
0.00000
0.00000
0.00000
0.00000
0.00000
0.00000
0.00000
0.00000
0.00000
0.35517
0.71692
0.00000
0.00000
0.00000
0.00000
0.00000
0.00000
0.00000
0.00000
0.82129
1.56015
2.07461
0.56212
1.00046
1.02878
1.16039
0.45056
3.04318
1.23087
0.99391
1.20369
0.00000
0.00000
0.00000
0.00000
0.00000
0.00000
0.00000
0.00000
0.00000
0.00000
0.00000
0.00000
0.00000
0.00000
0.00000
0.00000
0.00000
0.00000
0.00000
0.00000
0.00000
0.00000
0.00000
0.00000
0.00000
0.00000
0.00000
0.00000
0.00000
0.00000
0.00000
0.00000
0.00000
0.86644
1.77143
0.80492
0.77455
0.68820
0.00000
1.67900
1.05901
1.25159
0.00000
0.00000
0.00000
0.00000
0.53762
0.63470
1.00219
0.00000
0.00000
0.00000
0.00000
0.00000
0.00000
0.00000
0.00000
0.00000
0.00000
0.00000
0.00000
0.00000
1.59798
1.91421
0.00000
0.00000
0.00000
0.00000
0.00000
0.00000
0.00000
0.00000
0.00000
0.00000
0.00000
0.00000
0.00000
0.00000
0.00000
0.00000
0.00000
0.00000
0.00000
0.00000
0.00000
1.21811
0.99496
1.12481
0.94627
0.61699
0.56725
0.47909
0.91839
0.00000
0.00000
0.00000
0.00000
0.00000
0.00000
0.00000
0.00000
0.00000
0.00000
0.00000
0.00000
0.00000
1.14211
0.68651
0.00000
0.00000
0.00000
0.00000
0.00000
0.00000
0.00000
0.00000
0.00000
0.00000
0.00000
0.00000
0.21393
1.46047
1.42053
0.85391
1.89557
0.82397
0.00000
0.00000
0.00000
0.00000
0.00000
0.00000
0.00000
0.00000
0.00000
0.00000
0.00000
1.32191
0.59234
1.85920
0.80257
0.96344
0.98453
0.93505
0.64919
1.19474
4.70725
0.80087
0.85507
0.66614
0.87238
1.09012
0.51178
0.00000
0.00000
0.00000
0.00000
0.00000
0.00000
0.00000
0.00000
0.00000
0.00000
0.00000
0.00000
0.00000
0.00000
0.00000
0.00000
0.00000
0.00000
0.00000
0.00000
0.43732
1.20986
1.28038
0.59178
1.21872
0.00000
0.00000
0.00000
0.00000
0.80779
0.00000
0.88889
0.46878
1.32446
0.69829
1.45822
1.06665
0.65821
0.85242
1.22587
2.06151
0.46937
0.29448
1.83226
2.18975
1.14403
0.74771
0.80853
0.90201
0.00000
0.00000
0.00000
0.00000
0.00000
0.00000
0.00000
0.00000
0.00000
0.00000
0.00000
1.03122
0.00000
0.00000
0.00000
0.00000
0.00000
0.00000
0.00000
1.57106
1.53654
0.38142
1.09258
0.00000
0.00000
0.00000
0.65038
0.00000
0.00000
0.00000
0.00000
0.00000
0.00000
0.00000
0.00000
0.00000
0.00000
0.00000
0.00000
0.00000
0.00000
0.00000
0.00000
0.00000
0.00000
0.00000
0.00000
0.00000
0.00000
1.46749
1.86761
3.39736
0.00000
0.00000
0.00000
0.00000
0.00000
0.00000
0.97560
0.82303
0.67585
0.85825
0.92839
2.70585
1.01372
1.31037
0.92022
2.19757
0.00000
0.00000
0.00000
0.00000
0.00000
0.00000
0.00000
0.00000
0.00000
0.00000
0.00000
1.05063
2.13250
0.91255
0.95080
0.77550
1.13011
0.00000
0.00000
0.00000
0.00000
0.00000
0.00000
0.00000
0.00000
0.00000
1.33311
0.00000
0.00000
0.00000
0.00000
0.00000
0.24457
0.41170
1.77766
1.34126
1.52778
0.73485
1.36920
2.23577
0.93149
1.33079
0.00000
0.00000
0.00000
0.00000
0.00000
0.00000
1.16271
0.72054
0.38154
1.54167
1.11532
1.12708
0.58251
0.62782
0.85830
0.84018
0.00000
0.00000
0.00000
0.00000
0.00000
0.00000
0.00000
0.00000
1.31604
0.62073
0.58795
0.89206
1.35473
0.00000
0.00000
0.00000
0.00000
0.00000
0.00000
0.00000
0.00000
1.54654
1.41726
0.00000
2.32758
0.00000
0.00000
0.00000
0.00000
0.00000
0.00000
0.57047
1.79683
0.83819
0.65739
1.97339
1.29823
0.00000
1.27691
0.00000
0.00000
0.00000
0.00000
0.00000
0.00000
0.00000
0.00000
0.00000
0.00000
1.51588
0.47702
1.22586
0.53048
0.69312
0.65284
0.00000
0.00000
0.00000
0.47086
1.72489
1.45992
1.04619
0.74692
0.99587
1.51465
1.08367
2.03525
1.25618
0.75480
1.17761
1.33174
0.98460
0.75271
0.00000
0.00000
0.00000
0.00000
0.00000
0.00000
0.00000
1.21891
1.01604
1.29100
0.44487
0.00000
0.00000
0.00000
0.00000
2.19713
1.05578
0.61420
0.55737
1.24077
0.00000
0.00000
0.00000
0.00000
0.00000
0.00000
0.00000
0.00000
1.06115
1.71159
0.69181
1.25141
0.65219
0.48424
0.72614
0.80906
1.09139
1.26381
0.34582
0.00000
0.00000
0.00000
0.00000
0.00000
0.00000
0.00000
0.00000
0.00000
0.00000
0.00000
0.00000
0.00000
0.00000
0.00000
0.00000
2.25845
0.72488
0.80305
0.00000
0.00000
0.00000
0.00000
0.00000
0.00000
0.00000
0.00000
0.00000
0.00000
0.00000
0.00000
0.00000
0.00000
0.00000
0.00000
0.00000
0.41054
1.57057
1.06418
0.87756
1.40986
0.00000
0.00000
0.00000
0.00000
0.00000
0.00000
0.00000
0.00000
0.00000
0.00000
0.00000
0.00000
0.00000
0.00000
0.00000
0.88088
1.02435
1.54578
0.73953
1.56962
0.28567
1.56479
0.43281
0.00000
0.00000
0.71025
0.42182
0.00000
0.00000
0.00000
0.00000
0.00000
0.00000
0.00000
0.00000
1.27062
0.67114
0.45813
1.15253
2.08031
0.80128
1.04876
0.00000
0.00000
0.00000
0.00000
0.00000
0.00000
0.00000
0.00000
0.00000
0.00000
0.00000
0.00000
0.00000
0.00000
0.00000
0.00000
0.00000
3.53377
1.95086
0.61506
1.15284
0.00000
0.88633
0.00000
0.00000
0.00000
0.00000
0.00000
0.00000
0.00000
0.00000
0.00000
0.00000
0.00000
0.00000
0.00000
0.68731
1.92300
0.00000
0.00000
0.00000
0.00000
0.00000
0.00000
0.00000
0.00000
0.00000
0.00000
1.59352
0.00000
0.00000
0.00000
0.00000
0.00000
0.00000
0.00000
0.00000
0.00000
0.00000
0.00000
0.00000
0.00000
0.00000
0.00000
0.00000
0.00000
0.00000
0.00000
0.00000
0.00000
0.00000
0.00000
0.00000
0.00000
0.00000
0.00000
0.00000
0.00000
0.00000
0.00000
0.00000
2.00709
1.32314
0.54202
1.66768
1.64378
0.00000
0.00000
0.00000
0.00000
0.00000
0.00000
0.00000
0.00000
0.00000
0.00000
0.00000
0.00000
0.00000
0.00000
0.00000
0.00000
0.00000
0.00000
0.00000
0.00000
0.00000
0.00000
0.00000
0.71862
0.45752
1.63243
1.54768
0.00000
0.00000
0.00000
0.00000
0.00000
0.00000
0.00000
0.00000
0.00000
0.00000
0.00000
2.00709
1.37135
0.39863
1.51912
1.44703
0.00000
0.00000
0.00000
0.00000
0.00000
0.00000
0.00000
0.00000
0.00000
0.00000
0.00000
0.00000
0.00000
0.00000
0.00000
0.00000
0.00000
0.00000
0.00000
0.00000
0.00000
0.72409
0.53657
1.03588
0.89808
1.00723
0.54628
1.46210
0.86184
0.67231
0.00000
0.00000
0.00000
0.00000
0.00000
0.00000
0.00000
0.00000
0.00000
0.00000
0.00000
0.00000
0.00000
0.00000
0.00000
0.00000
0.00000
0.00000
0.00000
0.00000
0.00000
0.00000
0.00000
0.00000
0.00000
0.00000
0.00000
0.00000
0.00000
0.00000
0.00000
0.00000
0.00000
0.00000
0.00000
0.00000
0.00000
0.00000
0.00000
0.00000
0.00000
0.00000
0.00000
0.00000
0.00000
0.00000
0.00000
0.00000
0.58543
2.22643
0.87817
0.97986
1.88865
0.00000
0.55235
0.52383
0.00000
0.00000
0.00000
0.00000
0.00000
0.00000
0.00000
0.33834
0.46454
0.00000
0.00000
0.00000
0.00000
0.00000
0.00000
0.00000
0.00000
0.00000
0.00000
0.00000
0.00000
0.00000
0.00000
0.00000
0.00000
0.00000
0.00000
0.00000
0.00000
1.74192
1.37140
0.00000
0.00000
0.00000
0.00000
0.00000
1.44318
1.45751
0.00000
0.00000
0.00000
0.00000
0.00000
0.00000
0.00000
0.00000
0.00000
0.00000
0.60008
0.67847
0.00000
0.00000
0.00000
0.00000
0.00000
0.00000
0.00000
0.00000
0.00000
0.00000
0.00000
0.00000
0.00000
0.00000
0.00000
0.00000
0.00000
0.00000
0.00000
0.00000
0.00000
0.00000
0.00000
0.00000
0.00000
0.00000
0.00000
0.00000
0.00000
0.00000
0.00000
0.00000
0.00000
0.00000
0.00000
0.00000
0.00000
0.00000
0.00000
0.00000
0.00000
0.00000
0.00000
0.00000
0.00000
0.00000
0.00000
0.00000
0.56788
3.32321
0.39909
1.10696
1.60220
1.22924
0.89694
0.59788
0.00000
0.00000
0.00000
0.00000
0.00000
0.00000
0.00000
0.00000
0.00000
0.00000
0.00000
0.00000
0.00000
0.00000
0.00000
0.00000
0.00000
0.00000
0.00000
0.00000
0.00000
0.00000
0.00000
0.00000
0.00000
0.00000
0.00000
0.00000
0.00000
0.00000
0.00000
0.00000
0.38143
1.25615
1.71570
1.22442
0.73315
2.69845
0.72848
1.95313
0.94230
0.00000
0.00000
0.00000
0.00000
0.00000
0.00000
0.00000
0.00000
0.00000
0.00000
0.00000
0.00000
0.00000
0.00000
0.92119
1.24721
0.77936
2.29709
0.82894
1.88682
1.02924
0.00000
0.00000
0.00000
0.00000
0.00000
0.00000
0.00000
0.00000
0.00000
0.00000
0.00000
0.00000
0.00000
1.96159
2.97940
0.00000
0.00000
0.00000
0.00000
0.00000
1.23397
0.95114
1.05887
0.00000
0.00000
0.00000
0.00000
0.00000
0.00000
0.00000
0.00000
0.00000
0.00000
0.00000
0.00000
0.00000
0.00000
0.65754
0.99960
0.53269
0.00000
0.66922
0.60564
0.30152
0.00000
0.00000
0.00000
0.00000
0.00000
0.00000
0.00000
0.00000
0.00000
0.68248
1.31556
0.42267
0.87993
0.00000
0.00000
0.00000
0.00000
0.00000
0.00000
0.00000
0.00000
0.00000
0.00000
0.00000
0.00000
0.00000
0.00000
0.00000
0.00000
0.00000
0.00000
0.00000
0.00000
0.00000
0.00000
0.00000
0.00000
0.00000
0.00000
0.00000
0.00000
1.43914
1.81218
1.18793
1.62466
0.00000
0.00000
0.00000
0.00000
0.00000
0.00000
0.00000
0.00000
0.00000
0.00000
0.00000
0.00000
0.00000
0.00000
0.93939
2.38708
0.00000
0.00000
0.00000
0.00000
0.00000
0.00000
0.00000
0.00000
0.00000
0.00000
0.00000
0.00000
0.00000
0.00000
1.00512
0.80461
1.24572
0.77670
0.89898
1.04977
0.52767
1.20548
1.97864
0.43952
0.00000
0.00000
0.00000
0.00000
0.00000
0.00000
0.00000
0.00000
0.00000
0.00000
0.00000
0.00000
0.00000
0.00000
0.00000
0.00000
0.00000
0.00000
0.00000
0.00000
0.00000
0.00000
0.00000
0.00000
0.00000
0.00000
0.00000
0.00000
0.00000
0.00000
0.00000
0.00000
0.00000
0.00000
0.00000
0.00000
0.00000
0.00000
0.00000
0.00000
0.00000
1.95375
1.01612
0.00000
0.00000
0.99532
1.21611
0.61540
2.49672
0.77679
0.00000
0.00000
0.00000
0.48571
2.28187
0.74415
1.22002
0.84948
1.97835
1.05872
2.39976
0.60222
0.00000
0.00000
0.00000
0.00000
0.00000
0.72938
0.70228
1.06156
0.27367
0.64188
2.87886
0.88205
0.90187
2.09297
0.00000
0.00000
0.00000
0.00000
0.00000
0.00000
0.00000
0.00000
0.00000
0.00000
0.00000
0.00000
0.00000
0.00000
0.00000
0.00000
0.00000
0.00000
0.00000
0.00000
0.00000
0.00000
0.00000
0.00000
0.00000
0.00000
0.00000
0.00000
0.00000
0.00000
0.00000
0.00000
0.00000
0.00000
0.00000
0.00000
0.00000
0.00000
0.00000
0.00000
0.50510
1.27780
0.57474
1.27436
0.36273
1.13132
1.22529
0.00000
0.00000
0.00000
0.00000
0.00000
0.00000
0.00000
0.00000
0.00000
0.00000
0.00000
0.00000
0.00000
0.00000
1.12414
1.98169
0.53454
0.71860
1.02303
1.22894
0.00000
0.00000
0.00000
0.00000
0.00000
0.00000
0.00000
0.00000
0.00000
0.00000
0.00000
0.00000
0.00000
0.00000
0.00000
0.00000
0.00000
0.00000
0.00000
0.00000
0.00000
0.00000
0.00000
0.00000
0.00000
0.00000
0.00000
0.00000
0.00000
0.00000
0.00000
0.00000
0.00000
0.00000
0.00000
3.15121
1.56774
1.33073
0.55329
0.54799
1.25286
0.69371
0.55853
1.48498
1.17935
0.59122
1.02028
1.39623
0.00000
0.00000
0.39200
2.11730
0.62035
0.00000
0.00000
0.00000
0.00000
0.00000
0.00000
0.00000
0.00000
0.00000
0.00000
0.00000
0.00000
0.00000
0.00000
0.00000
0.00000
0.00000
0.00000
0.00000
0.00000
0.00000
0.00000
0.00000
0.00000
0.00000
0.00000
0.00000
0.00000
0.00000
0.00000
0.00000
0.00000
0.00000
0.00000
0.00000
0.00000
0.00000
0.00000
0.00000
0.00000
0.00000
0.00000
0.00000
0.00000
0.00000
0.00000
0.00000
0.00000
0.00000
0.00000
0.00000
1.12896
0.84949
0.45237
1.31789
0.82460
0.00000
0.00000
0.00000
0.00000
0.00000
0.00000
0.00000
0.00000
0.00000
0.00000
0.00000
0.00000
0.00000
0.00000
0.00000
0.00000
0.00000
0.00000
0.00000
0.00000
0.00000
0.00000
0.00000
0.00000
0.00000
0.00000
0.00000
0.00000
0.00000
0.00000
0.00000
0.00000
0.00000
0.00000
0.00000
0.00000
0.00000
1.07886
0.00000
0.00000
0.00000
0.00000
0.00000
1.41620
0.00000
0.00000
0.00000
0.00000
0.00000
0.00000
0.00000
0.00000
0.00000
0.00000
0.00000
0.00000
0.00000
0.00000
0.00000
0.00000
0.00000
0.00000
0.00000
0.00000
0.00000
0.00000
0.00000
0.00000
0.00000
0.70015
0.64376
0.34782
1.53802
1.02444
1.46613
1.20800
1.29001
0.58912
0.00000
0.00000
0.00000
0.00000
0.00000
0.00000
0.00000
0.00000
0.00000
0.00000
0.00000
0.00000
0.00000
0.00000
0.00000
0.00000
0.00000
0.00000
0.00000
0.00000
0.00000
0.00000
0.00000
0.00000
0.00000
1.60037
0.00000
0.00000
0.00000
0.00000
0.00000
0.00000
0.00000
0.00000
0.00000
0.00000
0.00000
0.00000
0.00000
0.00000
1.74579
0.00000
0.00000
0.00000
0.00000
0.00000
0.00000
0.00000
1.20367
0.85746
1.01293
1.00452
0.00000
0.00000
0.00000
0.00000
0.00000
0.00000
0.00000
0.00000
0.00000
0.00000
0.00000
0.00000
0.00000
0.00000
0.00000
0.00000
0.00000
0.00000
0.00000
0.00000
0.62064
0.00000
0.00000
0.00000
0.00000
0.00000
0.00000
0.00000
0.00000
0.00000
0.00000
0.00000
0.00000
0.00000
0.00000
0.00000
0.00000
0.00000
0.00000
0.00000
0.00000
0.00000
0.00000
0.00000
0.00000
0.00000
0.00000
0.00000
0.00000
0.00000
0.00000
0.00000
0.00000
0.00000
0.00000
0.00000
0.00000
0.00000
0.00000
0.00000
0.00000
0.00000
0.00000
0.00000
0.00000
0.00000
0.00000
1.08636
1.18853
0.00000
0.00000
0.00000
0.00000
0.00000
0.00000
0.00000
0.00000
0.00000
0.00000
0.00000
0.00000
0.00000
0.00000
0.00000
0.00000
0.00000
0.00000
0.00000
0.00000
0.00000
0.00000
0.00000
0.00000
0.00000
0.76669
0.00000
0.00000
0.00000
0.00000
0.00000
0.00000
0.00000
0.00000
0.88210
0.87008
0.00000
0.00000
0.00000
0.00000
0.00000
0.00000
0.00000
0.00000
0.00000
0.00000
0.00000
0.00000
0.00000
0.00000
0.00000
0.00000
0.00000
0.00000
0.00000
0.00000
0.00000
0.00000
0.00000
0.00000
0.00000
0.00000
0.00000
0.00000
0.00000
0.00000
0.00000
0.00000
0.00000
0.00000
0.00000
0.00000
0.00000
0.00000
0.00000
0.00000
0.00000
0.00000
0.00000
0.00000
0.00000
0.00000
0.00000
0.00000
0.00000
0.00000
0.00000
0.00000
0.00000
0.00000
0.00000
0.00000
0.00000
0.00000
0.00000
0.00000
0.00000
0.00000
0.00000
0.00000
0.00000
0.00000
0.00000
0.00000
0.00000
0.00000
0.00000
0.00000
0.00000
0.00000
0.00000
0.00000
0.00000
0.00000
1.53406
0.00000
0.00000
0.00000
0.00000
1.16216
0.00000
0.00000
0.00000
0.00000
0.00000
0.00000
1.12643
0.00000
0.00000
0.00000
0.00000
0.31554
0.00000
0.00000
0.00000
0.00000
0.00000
0.00000
0.00000
0.00000
0.00000
0.00000
0.73972
1.38469
0.00000
0.00000
0.00000
0.00000
0.00000
0.00000
0.00000
0.00000
0.00000
0.00000
0.00000
0.00000
0.00000
1.16413
0.22463
0.00000
0.00000
0.00000
0.00000
0.00000
0.00000
0.00000
0.00000
0.00000
0.00000
0.00000
0.00000
0.00000
0.00000
0.00000
0.00000
0.00000
0.00000
0.00000
0.00000
0.00000
0.00000
0.00000
0.00000
0.00000
0.00000
0.00000
0.00000
0.00000
2.25163
0.72870
0.70335
1.97387
0.52527
0.00000
0.00000
0.00000
0.00000
0.00000
0.00000
0.00000
0.00000
0.00000
0.00000
0.00000
1.34644
0.00000
0.00000
0.00000
0.00000
0.00000
0.00000
0.00000
0.00000
0.00000
0.00000
0.00000
0.00000
0.00000
0.00000
0.00000
0.00000
0.00000
0.00000
0.00000
0.00000
0.00000
0.00000
0.00000
0.00000
0.00000
0.00000
0.00000
0.00000
0.00000
0.00000
0.00000
0.00000
0.00000
0.00000
0.00000
0.00000
0.00000
0.00000
0.96864
0.61752
0.42033
0.00000
0.00000
0.00000
0.00000
0.00000
0.00000
0.00000
0.00000
0.67193
0.00000
0.00000
0.00000
0.00000
0.00000
0.00000
0.00000
0.00000
0.00000
0.00000
0.00000
0.00000
0.00000
0.00000
1.21189
0.64150
0.34451
0.00000
0.00000
0.00000
1.14521
1.47107
1.24087
0.64316
0.66347
0.99218
0.47677
0.52541
1.41420
0.00000
0.00000
0.00000
0.00000
0.00000
0.00000
0.00000
0.00000
0.00000
0.00000
0.00000
0.00000
0.00000
0.00000
0.00000
0.83855
0.49022
1.70720
0.00000
1.33030
1.05900
0.00000
0.00000
0.00000
0.00000
0.00000
0.00000
0.00000
0.00000
0.00000
0.00000
0.00000
0.00000
0.00000
0.00000
0.00000
0.00000
0.00000
0.00000
0.00000
0.00000
0.00000
0.00000
0.00000
0.00000
1.27737
0.83026
0.85983
1.19887
1.31916
1.58747
0.66158
0.56168
1.64835
2.09633
0.70967
0.36967
0.00000
0.00000
0.00000
0.00000
0.00000
0.00000
0.00000
0.00000
0.00000
0.00000
0.00000
0.00000
0.00000
0.00000
0.00000
0.00000
0.00000
0.00000
0.00000
0.00000
0.00000
0.00000
0.00000
0.00000
0.00000
0.00000
0.00000
0.00000
0.00000
0.00000
0.00000
0.00000
0.00000
0.00000
0.00000
0.00000
0.00000
0.00000
0.00000
0.00000
0.00000
0.00000
0.00000
0.00000
0.00000
0.00000
0.00000
0.00000
0.00000
0.00000
0.00000
0.00000
0.00000
0.00000
0.00000
0.00000
0.00000
0.00000
0.00000
0.00000
0.00000
0.00000
0.00000
0.00000
0.00000
0.00000
0.00000
0.00000
0.00000
0.00000
0.00000
0.00000
0.00000
0.00000
0.00000
0.00000
0.00000
0.00000
0.00000
0.00000
0.00000
0.00000
0.00000
0.00000
0.00000
0.00000
0.00000
0.00000
0.00000
0.00000
0.00000
0.00000
0.00000
0.00000
0.00000
0.00000
0.00000
0.00000
0.00000
0.00000
0.99782
0.66016
2.05825
0.91312
1.03015
0.71454
1.47720
0.61804
0.64043
2.11516
1.51291
0.00000
0.00000
0.00000
0.00000
0.00000
0.00000
0.00000
0.00000
0.00000
0.00000
0.00000
0.00000
0.00000
0.00000
0.00000
0.00000
0.00000
0.00000
0.00000
0.00000
0.00000
0.00000
0.00000
0.00000
0.00000
0.00000
0.00000
0.00000
0.00000
0.00000
0.00000
0.00000
0.00000
0.00000
0.00000
0.00000
0.00000
0.00000
0.00000
0.00000
0.00000
0.00000
0.00000
0.00000
0.00000
0.00000
0.00000
0.00000
0.00000
0.00000
0.00000
0.00000
0.00000
0.00000
0.00000
0.00000
0.00000
0.00000
0.00000
0.00000
0.00000
1.39300
1.65725
0.00000
0.00000
0.00000
0.00000
0.00000
0.00000
0.00000
0.00000
0.00000
0.00000
0.00000
0.00000
0.00000
0.00000
0.00000
0.00000
0.00000
0.00000
0.00000
0.57466
0.00000
0.00000
0.00000
0.00000
0.00000
0.00000
0.00000
0.00000
0.00000
0.00000
0.00000
1.32585
1.25501
0.00000
0.00000
0.00000
0.00000
0.00000
0.00000
0.00000
0.00000
0.00000
0.00000
0.00000
0.00000
0.00000
0.00000
0.00000
0.00000
0.00000
0.00000
0.00000
0.00000
0.00000
0.00000
0.00000
0.00000
0.00000
0.00000
0.00000
0.00000
0.00000
0.00000
0.00000
0.00000
0.00000
0.00000
0.00000
0.00000
0.00000
0.00000
0.00000
0.00000
0.00000
0.81800
0.66268
0.00000
0.00000
0.00000
0.00000
0.00000
0.00000
0.00000
0.00000
0.00000
0.00000
0.00000
0.00000
0.00000
0.00000
0.00000
0.00000
0.00000
0.00000
0.00000
1.00007
1.31748
1.49931
0.36398
1.34631
0.00000
0.00000
0.00000
0.00000
0.00000
0.00000
0.00000
0.00000
0.00000
0.00000
0.00000
0.00000
0.00000
0.00000
0.00000
0.00000
0.00000
0.00000
0.00000
0.00000
0.00000
0.00000
0.00000
0.00000
0.00000
0.00000
0.00000
0.00000
0.00000
0.00000
0.00000
0.00000
0.00000
0.00000
0.00000
0.00000
0.00000
0.00000
0.00000
0.00000
0.00000
1.48587
0.34321
0.00000
0.00000
0.00000
0.00000
0.00000
0.00000
0.00000
0.00000
0.00000
0.00000
0.00000
1.05526
0.00000
0.00000
0.00000
0.00000
0.00000
0.00000
0.00000
0.00000
0.00000
0.00000
0.00000
0.00000
0.00000
0.00000
0.00000
0.00000
0.00000
0.00000
0.00000
0.00000
0.00000
0.00000
0.00000
0.62862
0.69228
0.00000
0.00000
0.00000
0.00000
0.00000
0.00000
0.00000
0.00000
0.00000
0.00000
0.00000
0.00000
0.00000
0.00000
0.00000
0.00000
0.00000
0.00000
0.00000
0.00000
0.00000
0.00000
0.00000
0.00000
0.00000
0.00000
0.00000
0.00000
0.00000
0.00000
0.00000
0.00000
0.00000
0.00000
0.00000
0.00000
0.00000
0.00000
0.00000
0.00000
0.00000
0.00000
0.00000
0.00000
0.00000
0.00000
0.00000
0.00000
0.00000
0.00000
0.00000
0.00000
0.00000
0.00000
0.00000
0.00000
0.00000
0.00000
0.00000
0.00000
0.00000
0.00000
0.00000
0.00000
0.00000
0.00000
0.00000
0.00000
0.00000
0.00000
0.00000
0.00000
0.00000
0.00000
0.00000
0.00000
0.00000
0.00000
0.00000
0.00000
0.00000
0.00000
0.00000
0.00000
0.00000
0.00000
0.00000
0.00000
0.00000
0.83400
0.00000
0.00000
1.60717
1.19428
0.00000
0.00000
0.00000
0.00000
0.00000
0.00000
0.00000
0.00000
0.00000
0.00000
0.00000
0.00000
0.00000
0.00000
0.00000
0.00000
0.00000
0.00000
0.00000
0.00000
0.00000
0.00000
0.00000
0.00000
0.00000
0.00000
0.00000
0.00000
0.00000
0.00000
0.00000
0.00000
0.00000
0.00000
0.00000
0.00000
0.00000
0.00000
0.00000
0.00000
0.00000
0.00000
0.00000
0.00000
0.00000
0.00000
0.00000
0.00000
0.00000
0.00000
0.00000
0.00000
0.00000
0.00000
0.00000
0.00000
0.00000
0.00000
0.00000
0.00000
0.00000
0.00000
0.00000
0.00000
0.00000
0.00000
0.00000
0.00000
0.00000
0.00000
0.00000
0.00000
0.00000
0.00000
0.00000
0.00000
0.00000
0.00000
0.00000
0.00000
0.00000
0.00000
0.00000
0.00000
0.00000
0.69457
0.00000
0.00000
0.00000
0.00000
0.00000
0.00000
0.00000
0.00000
0.00000
0.00000
0.00000
0.00000
0.00000
0.00000
0.00000
0.00000
0.00000
0.00000
0.00000
0.00000
0.00000
0.00000
0.00000
0.00000
0.00000
0.00000
0.00000
0.00000
0.00000
0.00000
0.00000
0.00000
0.00000
0.89763
0.89785
0.00000
0.00000
0.00000
0.00000
0.00000
0.00000
0.00000
0.00000
0.00000
0.00000
0.00000
0.00000
0.00000
0.00000
0.00000
0.00000
0.00000
0.47533
0.35287
0.00000
0.00000
0.00000
0.00000
0.00000
0.00000
0.00000
0.70823
0.90832
0.56056
0.00000
0.00000
0.00000
0.00000
0.00000
0.00000
0.64364
2.22925
0.00000
0.00000
0.00000
0.00000
0.00000
0.00000
1.93466
0.00000
0.00000
0.00000
0.00000
0.00000
0.00000
0.00000
0.00000
0.00000
0.00000
0.00000
0.00000
0.00000
0.00000
0.00000
0.00000
0.00000
0.00000
0.00000
0.00000
1.18065
0.72724
1.26815
2.45459
0.00000
0.00000
0.00000
0.00000
0.00000
0.00000
0.00000
0.00000
0.00000
0.00000
0.00000
0.00000
0.00000
0.00000
0.00000
0.00000
0.00000
0.00000
0.00000
0.00000
0.00000
0.00000
0.00000
0.00000
0.00000
0.00000
0.00000
0.00000
0.00000
0.00000
0.00000
0.00000
0.00000
0.00000
0.00000
0.00000
0.00000
0.00000
0.00000
1.17946
1.01467
0.00000
0.00000
2.65006
1.32228
0.99919
0.95247
0.41889
0.00000
0.00000
0.00000
0.00000
0.00000
0.00000
0.00000
0.00000
0.00000
0.00000
0.00000
0.00000
0.00000
0.00000
1.18249
1.48155
0.65706
0.00000
0.00000
0.00000
0.00000
0.62596
0.23077
0.00000
0.00000
0.00000
0.00000
0.00000
0.00000
0.00000
0.00000
0.00000
0.00000
0.00000
0.00000
0.00000
1.03487
1.25189
2.42562
1.60131
1.00304
0.70356
0.89291
0.00000
0.00000
0.00000
0.00000
0.00000
0.00000
0.00000
0.00000
0.99553
0.00000
0.00000
0.00000
0.00000
0.00000
0.00000
0.00000
0.00000
0.00000
0.00000
0.00000
0.00000
0.00000
0.00000
0.00000
0.49547
1.32181
1.34334
0.00000
0.00000
0.00000
0.00000
0.00000
0.00000
